date,state,positive,negative,pending,hospitalizedCurrently,hospitalizedCumulative,inIcuCurrently,inIcuCumulative,onVentilatorCurrently,onVentilatorCumulative,recovered,dataQualityGrade,lastUpdateEt,dateModified,checkTimeEt,death,hospitalized,dateChecked,fips,positiveIncrease,negativeIncrease,total,totalTestResults,totalTestResultsIncrease,posNeg,deathIncrease,hospitalizedIncrease,hash,commercialScore,negativeRegularScore,negativeScore,positiveScore,score,grade
20200527,SC,10623,165060,,398,1618,,,,,6102,A,5/26/2020 16:02,2020-05-26T16:02:00Z,05/26 12:02,466,1618,2020-05-26T00:00:00Z,45,207,2742,175683,175683,2949,175683,20,0,89d9f06ed4bc34fe81309edc78e2358457be33a9,0,0,0,0,0,
20200526,SC,10416,162318,,433,1618,,,,,6102,A+,5/26/2020 16:18,2020-05-26T16:18:00Z,05/26 12:18,446,1618,2020-05-26T00:00:00Z,45,238,6476,172734,172734,6714,172734,6,84,e5d395f201d4766a3c685668976ef283c005cae2,0,0,0,0,0,
20200525,SC,10178,155842,,407,1534,,,,,6063,A+,5/25/2020 15:30,2020-05-25T15:30:00Z,05/25 11:30,440,1534,2020-05-26T00:00:00Z,45,82,1991,166020,166020,2073,166020,5,0,4a02d00b1d4b9aa2f979f6f4118eb7cf8cfc0ec5,0,0,0,0,0,
20200524,SC,10096,153851,,461,1534,,,,,5743,A+,5/24/2020 15:33,2020-05-24T15:33:00Z,05/24 11:33,435,1534,2020-05-26T00:00:00Z,45,201,4836,163947,163947,5037,163947,10,0,5ada836aac9f16217a2fd3c1e68e872aa060c46a,0,0,0,0,0,
20200523,SC,9895,149015,,430,1534,,,,,5743,A+,5/23/2020 15:31,2020-05-23T15:31:00Z,05/23 11:31,425,1534,2020-05-26T00:00:00Z,45,257,8630,158910,158910,8887,158910,6,0,2e5d538c0cba152c44f0d445f970972c595b481f,0,0,0,0,0,
20200522,SC,9638,140385,,429,1534,,,,,5743,A+,5/22/2020 16:00,2020-05-22T16:00:00Z,05/22 12:00,419,1534,2020-05-26T00:00:00Z,45,463,11322,150023,150023,11785,150023,12,90,d41d90c02ea6a157bcbb5dc41a185d8dedd4507c,0,0,0,0,0,
20200521,SC,9175,129063,,414,1444,,,,,5451,A+,5/20/2020 17:55,2020-05-20T17:55:00Z,05/20 13:55,407,1444,2020-05-26T00:00:00Z,45,119,3056,138238,138238,3175,138238,8,0,ba0ca4ce58888ea32a2e07d7c6fac489b98bfe18,0,0,0,0,0,
20200520,SC,9056,126007,,,1444,,,,,5451,A+,5/19/2020 16:00,2020-05-19T16:00:00Z,05/19 12:00,399,1444,2020-05-26T00:00:00Z,45,0,0,135063,135063,0,135063,0,0,4069169865886650e2a68c58bb042d200e6e3281,0,0,0,0,0,
20200519,SC,9056,126007,,,1444,,,,,5451,A,5/19/2020 16:00,2020-05-19T16:00:00Z,05/19 12:00,399,1444,2020-05-26T00:00:00Z,45,114,3390,135063,135063,3504,135063,8,23,e08684c19f665bc3dd043039bbe9077c0acc7b4c,0,0,0,0,0,
20200518,SC,8942,122617,,,1421,,,,,5076,A,5/18/2020 16:15,2020-05-18T16:15:00Z,05/18 12:15,391,1421,2020-05-26T00:00:00Z,45,281,10947,131559,131559,11228,131559,11,0,28882b5b675ac1c1cb8b35a56ef2f5cdae4b6dac,0,0,0,0,0,
20200517,SC,8661,111670,,,1421,,,,,5076,A,5/16/2020 17:25,2020-05-16T17:25:00Z,05/16 13:25,380,1421,2020-05-26T00:00:00Z,45,254,10461,120331,120331,10715,120331,0,0,a3a8cbf37c121664a5e7aa50c42633ec9389eaca,0,0,0,0,0,
20200516,SC,8407,101209,,,1421,,,,,5076,A,5/15/2020 16:00,2020-05-15T16:00:00Z,05/15 12:00,380,1421,2020-05-26T00:00:00Z,45,0,0,109616,109616,0,109616,0,0,47478a03c339a78166b7bb0c74547f5a820b1862,0,0,0,0,0,
20200515,SC,8407,101209,,,1421,,,,,5076,A,5/15/2020 16:00,2020-05-15T16:00:00Z,05/15 12:00,380,1421,2020-05-26T00:00:00Z,45,218,6863,109616,109616,7081,109616,9,83,4423b43972b3d304b3ff26832eea33ddd4422634,0,0,0,0,0,
20200514,SC,8189,94346,,,1338,,,,,4914,A,5/14/2020 15:34,2020-05-14T15:34:00Z,05/14 11:34,371,1338,2020-05-26T00:00:00Z,45,262,9133,102535,102535,9395,102535,16,0,aaf9ed309d8688af8d8c93b8af09009b2e5975e0,0,0,0,0,0,
20200513,SC,7927,85213,,,1338,,,,,6817,A,5/12/2020 16:14,2020-05-12T16:14:00Z,05/12 12:14,355,1338,2020-05-26T00:00:00Z,45,0,0,93140,93140,0,93140,0,0,c5a1ca4dbc614f49efd2afb3e9b979ce116d532d,0,0,0,0,0,
20200512,SC,7927,85213,,,1338,,,,,6817,A,5/12/2020 16:14,2020-05-12T16:14:00Z,05/12 12:14,355,1338,2020-05-26T00:00:00Z,45,274,8409,93140,93140,8683,93140,24,86,0978b427c0b6609a1b017d3f33aa1dfe64640edb,0,0,0,0,0,
20200511,SC,7653,76804,,,1252,,,,,4120,B,5/10/2020 16:30,2020-05-10T16:30:00Z,05/10 12:30,331,1252,2020-05-26T00:00:00Z,45,0,0,84457,84457,0,84457,0,0,be375cb95d1c597a0eeb9e195870d34d3deeebee,0,0,0,0,0,
20200510,SC,7653,76804,,,1252,,,,,4120,B,5/10/2020 16:30,2020-05-10T16:30:00Z,05/10 12:30,331,1252,2020-05-26T00:00:00Z,45,122,3372,84457,84457,3494,84457,1,0,21a92cab5b3f4a977251f8795030ab6e7b49ac7f,0,0,0,0,0,
20200509,SC,7531,73432,,,1252,,,,,4120,B,5/8/2020 16:30,2020-05-08T16:30:00Z,05/08 12:30,330,1252,2020-05-26T00:00:00Z,45,389,7132,80963,80963,7521,80963,14,100,c210ada831081630c24961d22913036144f4f35d,0,0,0,0,0,
20200508,SC,7142,66300,,,1152,,,,,3816,B,5/7/2020 16:13,2020-05-07T16:13:00Z,05/07 12:13,316,1152,2020-05-26T00:00:00Z,45,206,-4246,73442,73442,-4040,73442,11,0,41ab0a9f1e99cff50c4e4067192d6f482c6c3f21,0,0,0,0,0,
20200507,SC,6936,70546,,,1152,,,,,3816,B,5/6/2020 16:20,2020-05-06T16:20:00Z,05/06 12:20,305,1152,2020-05-26T00:00:00Z,45,0,0,77482,77482,0,77482,0,0,d684d12e4522d4f59b1dabdc44ee8eb4e9c9c8dd,0,0,0,0,0,
20200506,SC,6936,70546,,,1152,,,,,3816,B,5/6/2020 16:20,2020-05-06T16:20:00Z,05/06 12:20,305,1152,2020-05-26T00:00:00Z,45,179,9532,77482,77482,9711,77482,22,42,2b12cec2f74588ca18a6db385e3cadbdfdb4110f,0,0,0,0,0,
20200505,SC,6757,61014,,,1110,,,,,3622,B,5/4/2020 16:35,2020-05-04T16:35:00Z,05/04 12:35,283,1110,2020-05-26T00:00:00Z,45,131,3452,67771,67771,3583,67771,8,0,a0b5d82f252f40b06cbe7bc21792a9323a5ccf57,0,0,0,0,0,
20200504,SC,6626,57562,,,1110,,,,,3622,B,5/3/2020 15:30,2020-05-03T15:30:00Z,05/03 11:30,275,1110,2020-05-26T00:00:00Z,45,0,0,64188,64188,0,64188,0,0,4df2017e0695789b580a693f43f10b6bf1526eb4,0,0,0,0,0,
20200503,SC,6626,57562,,,1110,,,,,3622,B,5/3/2020 15:30,2020-05-03T15:30:00Z,05/03 11:30,275,1110,2020-05-26T00:00:00Z,45,137,2435,64188,64188,2572,64188,8,0,207ff5e7b2d22d95895b06b835d2770d25826902,0,0,0,0,0,
20200502,SC,6489,55127,,,1110,,,,,3622,B,5/2/2020 15:45,2020-05-02T15:45:00Z,05/02 11:45,267,1110,2020-05-26T00:00:00Z,45,231,2006,61616,61616,2237,61616,11,0,06c5a12ae808021e1312c2b1f7889b96103bb59e,0,0,0,0,0,
20200501,SC,6258,53121,,,1110,,,,,3622,B,5/1/2020 16:00,2020-05-01T16:00:00Z,05/01 12:00,256,1110,2020-05-26T00:00:00Z,45,163,2704,59379,59379,2867,59379,12,110,932d48dc0546b5024dd01c28cd47bc72a885662c,0,0,0,0,0,
20200430,SC,6095,50417,,,1000,,,,,3252,B,4/30/2020 16:04,2020-04-30T16:04:00Z,04/30 12:04,244,1000,2020-05-26T00:00:00Z,45,214,2081,56512,56512,2295,56512,41,0,4803b6038371417bd27371cb3c900fae2eb71187,0,0,0,0,0,
20200429,SC,5881,48336,,,1000,,,,,3252,B,4/29/2020 15:30,2020-04-29T15:30:00Z,04/29 11:30,203,1000,2020-05-26T00:00:00Z,45,268,1804,54217,54217,2072,54217,26,56,52c4c840b71fc9cc9327619817590ede30c0bc83,0,0,0,0,0,
20200428,SC,5613,46532,,,944,,,,,2830,B,4/27/2020 16:30,2020-04-27T16:30:00Z,04/27 12:30,177,944,2020-05-26T00:00:00Z,45,123,1261,52145,52145,1384,52145,3,0,9aae003ac4f6d2edb4390ca319c7040ea76481ef,0,0,0,0,0,
20200427,SC,5490,45271,,,944,,,,,3701,B,4/26/2020 15:30,2020-04-26T15:30:00Z,04/26 11:30,174,944,2020-05-26T00:00:00Z,45,0,0,50761,50761,0,50761,0,0,5423e292dbc66311a6b0db8c20d17b7c8233ca7a,0,0,0,0,0,
20200426,SC,5490,45271,,,944,,,,,3701,B,4/26/2020 15:30,2020-04-26T15:30:00Z,04/26 11:30,174,944,2020-05-26T00:00:00Z,45,237,1510,50761,50761,1747,50761,8,0,d1e67442aa4c0b4e5fe020c837ccffe34e7fb68b,0,0,0,0,0,
20200425,SC,5253,43761,,,944,,,,,3701,B,4/25/2020 15:39,2020-04-25T15:39:00Z,04/25 11:39,166,944,2020-05-26T00:00:00Z,45,336,4215,49014,49014,4551,49014,16,107,c8f52b0bdd19bd81f59a7115d89f2dd09acf5c3f,0,0,0,0,0,
20200424,SC,4917,39546,,,837,,,,,3317,B,4/24/2020 17:24,2020-04-24T17:24:00Z,04/24 13:24,150,837,2020-05-26T00:00:00Z,45,0,0,44463,44463,0,44463,0,0,b305b87a7a6c550ae87bcc191e5c6e2e490302ab,0,0,0,0,0,
20200423,SC,4917,39546,,,837,,,,,3317,B,4/22/2020 23:59,2020-04-22T23:59:00Z,04/22 19:59,150,837,2020-05-26T00:00:00Z,45,156,1196,44463,44463,1352,44463,10,0,104aea0ae092659331137c96470a73e1d0f405f1,0,0,0,0,0,
20200422,SC,4761,38350,,,837,,,,,3317,B,4/21/2020 23:59,2020-04-21T23:59:00Z,04/21 19:59,140,837,2020-05-26T00:00:00Z,45,322,1512,43111,43111,1834,43111,16,61,9885676fc0f8806c54e0979ad55bf7c38f763bc7,0,0,0,0,0,
20200421,SC,4439,36838,,,776,,,,,2063,B,4/21/2020 16:30,2020-04-21T16:30:00Z,04/21 12:30,124,776,2020-05-26T00:00:00Z,45,62,735,41277,41277,797,41277,4,0,bf5384c82122db3e82b9152772a877f85c5f61e7,0,0,0,0,0,
20200420,SC,4377,36103,,,776,,,,,2063,B,4/19/2020 15:30,2020-04-19T15:30:00Z,04/19 11:30,120,776,2020-05-26T00:00:00Z,45,0,0,40480,40480,0,40480,0,0,09dc3fba4fc28c75c0c24b46670f980635cb9fa8,0,0,0,0,0,
20200419,SC,4377,36103,,,776,,,,,2633,B,4/19/2020 15:30,2020-04-19T15:30:00Z,04/19 11:30,120,776,2020-05-26T00:00:00Z,45,131,1516,40480,40480,1647,40480,1,0,1fcac874d700fff3162a1d1aad548deeb11c8f20,0,0,0,0,0,
20200418,SC,4246,34587,,,776,,,,,2633,B,4/18/2020 15:25,2020-04-18T15:25:00Z,04/18 11:25,119,776,2020-05-26T00:00:00Z,45,315,2234,38833,38833,2549,38833,10,101,033bdbe79e5428d0b581a208de43ca22b12693aa,0,0,0,0,0,
20200417,SC,3931,32353,,,675,,,,,,B,4/17/2020 16:48,2020-04-17T16:48:00Z,04/17 12:48,109,675,2020-05-26T00:00:00Z,45,275,1276,36284,36284,1551,36284,2,0,ce9aa1570788f63b4b1464ed07ecd64b82dbc41a,0,0,0,0,0,
20200416,SC,3656,31077,,,675,,,,,,B,4/16/2020 17:06,2020-04-16T17:06:00Z,04/16 13:06,107,675,2020-05-26T00:00:00Z,45,0,0,34733,34733,0,34733,0,0,ee7594a346d2e3b3f0c7a8bd94120a19ba71cf67,0,0,0,0,0,
20200415,SC,3656,31077,,,675,,,,,,B,4/15/2020 14:55,2020-04-15T14:55:00Z,04/15 10:55,107,675,2020-05-26T00:00:00Z,45,103,758,34733,34733,861,34733,10,0,0197d6ea15b89840279dcf4858a84d72f79000f9,0,0,0,0,0,
20200414,SC,3553,30319,,,675,,,,,,B,4/14/2020 15:55,2020-04-14T15:55:00Z,04/14 11:55,97,675,2020-05-26T00:00:00Z,45,234,2213,33872,33872,2447,33872,15,179,5e0a79ef6ccd4f3a0f6f70abebcb67ae26caf4cf,0,0,0,0,0,
20200413,SC,3319,28106,,,496,,,,,,B,4/13/2020 17:26,2020-04-13T17:26:00Z,04/13 13:26,82,496,2020-05-26T00:00:00Z,45,0,0,31425,31425,0,31425,0,0,56d69505fd2fdfbe8f0a457f0b3b4e2154b00516,0,0,0,0,0,
20200412,SC,3319,28106,,,496,,,,,,B,4/12/2020 15:30,2020-04-12T15:30:00Z,04/12 11:30,82,496,2020-05-26T00:00:00Z,45,112,1220,31425,31425,1332,31425,2,0,f449270a67de2323cb4ae4c9d6a342ac273c0e1e,0,0,0,0,0,
20200411,SC,3207,26886,,,496,,,,,,B,4/11/2020 15:31,2020-04-11T15:31:00Z,04/11 11:31,80,496,2020-05-26T00:00:00Z,45,142,1768,30093,30093,1910,30093,8,0,e24eaac910258c75c7faeb84864875b6e1609af1,0,0,0,0,0,
20200410,SC,3065,25118,,,496,,,,,,B,4/10/2020 15:49,2020-04-10T15:49:00Z,04/10 11:49,72,496,2020-05-26T00:00:00Z,45,273,543,28183,28183,816,28183,5,255,21ac9e052c41685e24d3b17c1f55d0fe7726fb7f,0,0,0,0,0,
20200409,SC,2792,24575,,,241,,,,,,B,4/9/2020 16:08,2020-04-09T16:08:00Z,04/09 12:08,67,241,2020-05-26T00:00:00Z,45,240,2493,27367,27367,2733,27367,4,0,77c51e064b60f9fcd637defbeb8d1c6f6c82eecb,0,0,0,0,0,
20200408,SC,2552,22082,,,241,,,,,,B,4/8/2020 15:30,2020-04-08T15:30:00Z,04/08 11:30,63,241,2020-05-26T00:00:00Z,45,135,819,24634,24634,954,24634,12,0,4a878e6efad514f1f4ab992858d21e861331ed72,0,0,0,0,0,
20200407,SC,2417,21263,,,241,,,,,,B,4/7/2020 16:02,2020-04-07T16:02:00Z,04/07 12:02,51,241,2020-05-26T00:00:00Z,45,368,4336,23680,23680,4704,23680,7,0,89db33be884deace6cca316f9542fa547fc33a9a,0,0,0,0,0,
20200406,SC,2049,16927,,,241,,,,,,B,4/5/2020 15:30,2020-04-05T15:30:00Z,04/05 11:30,44,241,2020-05-26T00:00:00Z,45,0,0,18976,18976,0,18976,0,0,04db828cfc08788fe2fd92c16f1cd49391090e6a,0,0,0,0,0,
20200405,SC,2049,16927,,,241,,,,,,B,4/5/2020 15:30,2020-04-05T15:30:00Z,04/05 11:30,44,241,2020-05-26T00:00:00Z,45,132,530,18976,18976,662,18976,4,0,6fc20dda3ae7eeb65089e400d476a3232b165352,0,0,0,0,0,
20200404,SC,1917,16397,,,241,,,,,,B,4/4/2020 15:54,2020-04-04T15:54:00Z,04/04 11:54,40,241,2020-05-26T00:00:00Z,45,363,10956,18314,18314,11319,18314,9,0,c7371a1c2da6dc0eb20aa025f357c0007cfe6cb6,0,0,0,0,0,
20200403,SC,1554,5441,,,241,,,,,,B,4/2/2020 16:04,2020-04-02T16:04:00Z,04/02 12:04,31,241,2020-05-26T00:00:00Z,45,0,0,6995,6995,0,6995,0,0,0d9437b58a5ef030d4071a5a522b1bf773257d22,0,0,0,0,0,
20200402,SC,1554,5441,,,241,,,,,,B,4/2/2020 16:04,2020-04-02T16:04:00Z,04/02 12:04,31,241,2020-05-26T00:00:00Z,45,261,408,6995,6995,669,6995,5,139,9c566e031b4652a0d8e42a8db9ea847afa56a2b7,0,0,0,0,0,
20200401,SC,1293,5033,,,102,,,,,,B,4/1/2020 15:55,2020-04-01T15:55:00Z,04/01 11:55,26,102,2020-05-26T00:00:00Z,45,210,417,6326,6326,627,6326,4,0,1669a347262227d624a6954e6d3d20336ac93528,0,0,0,0,0,
20200331,SC,1083,4616,,,102,,,,,,B,3/31/2020 16:31,2020-03-31T16:31:00Z,03/31 12:31,22,102,2020-05-26T00:00:00Z,45,158,456,5699,5699,614,5699,4,0,90ed1288b3353ec852df5fbecda6797f0eddfcb5,0,0,0,0,0,
20200330,SC,925,4160,,,102,,,,,,B,3/30/2020 16:00,2020-03-30T16:00:00Z,03/30 12:00,18,102,2020-05-26T00:00:00Z,45,151,1145,5085,5085,1296,5085,2,0,17b21ed64a74d492ddc3b64a1a9afc80973c8eb1,0,0,0,0,0,
20200329,SC,774,3015,,,102,,,,,,B,3/29/2020 15:30,2020-03-29T15:30:00Z,03/29 11:30,16,102,2020-05-26T00:00:00Z,45,235,607,3789,3789,842,3789,3,0,321e7cd2b5a3d57a30aa623c186371862f0a6238,0,0,0,0,0,
20200328,SC,539,2408,,,102,,,,,,B,3/27/2020 16:32,2020-03-27T16:32:00Z,03/27 12:32,13,102,2020-05-26T00:00:00Z,45,83,101,2947,2947,184,2947,4,0,760a84779ff2f818fc398651df95afbe2f31db7a,0,0,0,0,0,
20200327,SC,456,2307,,,102,,,,,,B,3/26/2020 16:35,2020-03-26T16:35:00Z,03/26 12:35,9,102,2020-05-26T00:00:00Z,45,0,0,2763,2763,0,2763,0,0,0bce14d8a9ae153cd225ce0252601ea497bcc504,0,0,0,0,0,
20200326,SC,456,2307,,,102,,,,,,B,3/26/2020 11:00,2020-03-26T11:00:00Z,03/26 07:00,9,102,2020-05-26T00:00:00Z,45,32,4,2763,2763,36,2763,2,0,c3e42d4befb87de2caa0d75c020b021e527b5f1f,0,0,0,0,0,
20200325,SC,424,2303,,,102,,,,,,B,3/24/2020 19:30,2020-03-24T19:30:00Z,03/24 15:30,7,102,2020-05-26T00:00:00Z,45,126,291,2727,2727,417,2727,2,102,9b878dcb2b361e6f547de6ae5d6715ba50b62940,0,0,0,0,0,
20200324,SC,298,2012,,,,,,,,,B,3/23/2020 16:35,2020-03-23T16:35:00Z,03/23 12:35,5,,2020-05-26T00:00:00Z,45,0,546,2310,2310,546,2310,0,0,53f3e1058ca85f3dd01f98aee8f9e53bc20c01e4,0,0,0,0,0,
20200323,SC,298,1466,,,,,,,,,A,3/23/2020 16:35,2020-03-23T16:35:00Z,03/23 12:35,5,,2020-05-26T00:00:00Z,45,103,0,1764,1764,103,1764,2,0,698edbb37fadf0b83e6ac66cb01d4b95fc9fa509,0,0,0,0,0,
20200322,SC,195,1466,,,,,,,,,,3/22/2020 15:40,2020-03-22T15:40:00Z,03/22 11:40,3,,2020-05-26T00:00:00Z,45,43,211,1661,1661,254,1661,2,0,6eae7cef107d8ec3d56861be20ea7d1d884bec30,0,0,0,0,0,
20200321,SC,152,1255,,,,,,,,,,3/20/2020 16:45,2020-03-20T16:45:00Z,03/20 12:45,1,,2020-05-26T00:00:00Z,45,71,422,1407,1407,493,1407,0,0,5f81fbe5cb810966a0c67ccc4eb9555dc29f23ed,0,0,0,0,0,
20200320,SC,81,833,,,,,,,,,,3/19/2020 17:10,2020-03-19T17:10:00Z,03/19 13:10,1,,2020-05-26T00:00:00Z,45,21,250,914,914,271,914,0,0,c58d68ca651dc3f05f23aa78c1c008fc4ad6d63e,0,0,0,0,0,
20200319,SC,60,583,,,,,,,,,,3/18/2020 16:00,2020-03-18T16:00:00Z,03/18 12:00,1,,2020-05-26T00:00:00Z,45,0,0,643,643,0,643,0,0,73b899cb3bcf9e5d6feb706741d5792158890ff1,0,0,0,0,0,
20200318,SC,60,583,,,,,,,,,,3/18/2020 16:00,2020-03-18T16:00:00Z,03/18 12:00,1,,2020-05-26T00:00:00Z,45,27,272,643,643,299,643,0,0,52a12b8197180d3f3c8cd34fb791a6c61e6ff08f,0,0,0,0,0,
20200317,SC,33,311,,,,,,,,,,3/17/2020 12:02,2020-03-17T12:02:00Z,03/17 08:02,1,,2020-05-26T00:00:00Z,45,5,76,344,344,81,344,0,0,cab9353a6b11e1284c8e89e5270f2890fd501771,0,0,0,0,0,
20200316,SC,28,235,,,,,,,,,,3/16/2020 15:24,2020-03-16T15:24:00Z,03/16 11:24,1,,2020-05-26T00:00:00Z,45,9,81,263,263,90,263,1,0,6596d5a9f0e816a07376e063ccbea6fda17541e2,0,0,0,0,0,
20200315,SC,19,154,,,,,,,,,,3/14/2020 16:18,2020-03-14T16:18:00Z,03/14 12:18,,,2020-05-26T00:00:00Z,45,6,44,173,173,50,173,0,0,97c3bb9545f586ba88593a6668fcf39ae5d4ccc2,0,0,0,0,0,
20200314,SC,13,110,,,,,,,,,,3/13/2020 17:47,2020-03-13T17:47:00Z,03/13 13:47,,,2020-05-26T00:00:00Z,45,1,35,123,123,36,123,0,0,b2cba7487813f2fee7fa89ed4e2f71f84e466ed4,0,0,0,0,0,
20200313,SC,12,75,,,,,,,,,,3/12/2020 16:05,2020-03-12T16:05:00Z,03/12 12:05,,,2020-05-26T00:00:00Z,45,2,27,87,87,29,87,0,0,1d028611b347c7fe53475fd4c94d323c60646768,0,0,0,0,0,
20200312,SC,10,48,,,,,,,,,,3/11/2020 17:12,2020-03-11T17:12:00Z,03/11 13:12,,,2020-05-26T00:00:00Z,45,1,16,58,58,17,58,0,0,ec5d918458eda65b451450c4ccde2896c9555484,0,0,0,0,0,
20200311,SC,9,32,,,,,,,,,,,Invalid DateTime,Invalid DateTime,,,2020-05-26T00:00:00Z,45,2,8,41,41,10,41,0,0,fa8f70676d556caa711cb96fc6914c0da34ccdda,0,0,0,0,0,
20200310,SC,7,24,,,,,,,,,,,Invalid DateTime,Invalid DateTime,,,2020-05-26T00:00:00Z,45,0,0,31,31,0,31,0,0,7c6253471da09ef2496ac04389cdaff9effe169d,0,0,0,0,0,
20200309,SC,7,24,,,,,,,,,,,Invalid DateTime,Invalid DateTime,,,2020-05-26T00:00:00Z,45,5,16,31,31,21,31,0,0,cba0d78d8d57f4ac65349205c005792a09735383,0,0,0,0,0,
20200308,SC,2,8,,,,,,,,,,,Invalid DateTime,Invalid DateTime,,,2020-05-26T00:00:00Z,45,0,0,10,10,0,10,0,0,736b15c96d06ce1f0158f47eedd35caa382e6955,0,0,0,0,0,
20200307,SC,2,8,,,,,,,,,,,Invalid DateTime,Invalid DateTime,,,2020-05-26T00:00:00Z,45,2,3,10,10,5,10,0,0,05433f4b3a60828a6f90afd7b4cdb3a1fbc16770,0,0,0,0,0,
20200306,SC,0,5,,,,,,,,,,,Invalid DateTime,Invalid DateTime,,,2020-05-26T00:00:00Z,45,0,0,5,5,0,5,0,0,5d078031dae507ae8a191bf6964cea1f58c23d2a,0,0,0,0,0,
20200305,SC,0,5,,,,,,,,,,,Invalid DateTime,Invalid DateTime,,,2020-05-26T00:00:00Z,45,0,0,5,5,0,5,0,0,811b7f4c5e00ad99c8a29362279456e38e87b229,0,0,0,0,0,
20200304,SC,0,5,,,,,,,,,,,Invalid DateTime,Invalid DateTime,,,2020-05-26T00:00:00Z,45,0,0,5,5,0,5,0,0,54ab732b593310ec83827cd861b9bbd7f0e25bbc,0,0,0,0,0,
