date,state,positive,negative,pending,hospitalizedCurrently,hospitalizedCumulative,inIcuCurrently,inIcuCumulative,onVentilatorCurrently,onVentilatorCumulative,recovered,dataQualityGrade,lastUpdateEt,dateModified,checkTimeEt,death,hospitalized,dateChecked,fips,positiveIncrease,negativeIncrease,total,totalTestResults,totalTestResultsIncrease,posNeg,deathIncrease,hospitalizedIncrease,hash,commercialScore,negativeRegularScore,negativeScore,positiveScore,score,grade
20200528,SC,10788,171461,,397,1618,,,,,6102,A,5/27/2020 16:00,2020-05-27T16:00:00Z,05/27 12:00,470,1618,2020-05-27T16:00:00Z,45,165,6401,182249,182249,6566,182249,4,0,879313c06b1f740e0d493573f35738f1c9b139b4,0,0,0,0,0,
20200527,SC,10623,165060,,398,1618,,,,,6102,A,5/26/2020 16:02,2020-05-26T16:02:00Z,05/26 12:02,466,1618,2020-05-26T16:02:00Z,45,207,2742,175683,175683,2949,175683,20,0,c7969a834303b0174b25e3ca3946695f092d7ba9,0,0,0,0,0,
20200526,SC,10416,162318,,433,1618,,,,,6102,A+,5/26/2020 16:18,2020-05-26T16:18:00Z,05/26 12:18,446,1618,2020-05-26T16:18:00Z,45,238,6476,172734,172734,6714,172734,6,84,fbc9e5f998bec529a43b27bf1d1ecfbdeb45ca9b,0,0,0,0,0,
20200525,SC,10178,155842,,407,1534,,,,,6063,A+,5/25/2020 15:30,2020-05-25T15:30:00Z,05/25 11:30,440,1534,2020-05-25T15:30:00Z,45,82,1991,166020,166020,2073,166020,5,0,3c28f6afd1bf9132c43941e3f87bb18c1ca6c468,0,0,0,0,0,
20200524,SC,10096,153851,,461,1534,,,,,5743,A+,5/24/2020 15:33,2020-05-24T15:33:00Z,05/24 11:33,435,1534,2020-05-24T15:33:00Z,45,201,4836,163947,163947,5037,163947,10,0,8a1cb6b8cb1d80d0e2522df6853fc63d6738995b,0,0,0,0,0,
20200523,SC,9895,149015,,430,1534,,,,,5743,A+,5/23/2020 15:31,2020-05-23T15:31:00Z,05/23 11:31,425,1534,2020-05-23T15:31:00Z,45,257,8630,158910,158910,8887,158910,6,0,2cd834dfd2976a3ffa2b8f1974b0c176aa70d39a,0,0,0,0,0,
20200522,SC,9638,140385,,429,1534,,,,,5743,A+,5/22/2020 16:00,2020-05-22T16:00:00Z,05/22 12:00,419,1534,2020-05-22T16:00:00Z,45,463,11322,150023,150023,11785,150023,12,90,857dd4253a0db990b34328697d6188e792e35e14,0,0,0,0,0,
20200521,SC,9175,129063,,414,1444,,,,,5451,A+,5/20/2020 17:55,2020-05-20T17:55:00Z,05/20 13:55,407,1444,2020-05-20T17:55:00Z,45,119,3056,138238,138238,3175,138238,8,0,e2d47c5d2adcee997632ad45230ab168ded3ccb8,0,0,0,0,0,
20200520,SC,9056,126007,,,1444,,,,,5451,A+,5/19/2020 16:00,2020-05-19T16:00:00Z,05/19 12:00,399,1444,2020-05-19T16:00:00Z,45,0,0,135063,135063,0,135063,0,0,c7ec74ff61d4c926e4f2e5c62d87eced22cee046,0,0,0,0,0,
20200519,SC,9056,126007,,,1444,,,,,5451,A,5/19/2020 16:00,2020-05-19T16:00:00Z,05/19 12:00,399,1444,2020-05-19T16:00:00Z,45,114,3390,135063,135063,3504,135063,8,23,4c5c44c61f6c2dc300bb6e1b7f113551ce03d0ec,0,0,0,0,0,
20200518,SC,8942,122617,,,1421,,,,,5076,A,5/18/2020 16:15,2020-05-18T16:15:00Z,05/18 12:15,391,1421,2020-05-18T16:15:00Z,45,126,10947,131559,131559,11073,131559,11,0,88be4134da23ceacb5f8adeb458ea2fa9013248f,0,0,0,0,0,
20200517,SC,8816,111670,,,1421,,,,,5076,A,5/16/2020 17:25,2020-05-16T17:25:00Z,05/16 13:25,380,1421,2020-05-16T17:25:00Z,45,409,10461,120486,120486,10870,120486,0,0,c5f8249d88d19577a4070da09481a2b20e277794,0,0,0,0,0,
20200516,SC,8407,101209,,,1421,,,,,5076,A,5/15/2020 16:00,2020-05-15T16:00:00Z,05/15 12:00,380,1421,2020-05-15T16:00:00Z,45,0,0,109616,109616,0,109616,0,0,2124f8469ab1824b7386bfa4b715f99e1f6a0b3f,0,0,0,0,0,
20200515,SC,8407,101209,,,1421,,,,,5076,A,5/15/2020 16:00,2020-05-15T16:00:00Z,05/15 12:00,380,1421,2020-05-15T16:00:00Z,45,218,6863,109616,109616,7081,109616,9,83,24f44677d5fac765d22f1f45e3111958d72f3d46,0,0,0,0,0,
20200514,SC,8189,94346,,,1338,,,,,4914,A,5/14/2020 15:34,2020-05-14T15:34:00Z,05/14 11:34,371,1338,2020-05-14T15:34:00Z,45,262,9133,102535,102535,9395,102535,16,0,7c51b5c1a0fb292679275e7033facdb81db3e5c7,0,0,0,0,0,
20200513,SC,7927,85213,,,1338,,,,,6817,A,5/12/2020 16:14,2020-05-12T16:14:00Z,05/12 12:14,355,1338,2020-05-12T16:14:00Z,45,0,0,93140,93140,0,93140,0,0,5a860e39a546322e2e82a978fe7fd08ae8135e36,0,0,0,0,0,
20200512,SC,7927,85213,,,1338,,,,,6817,A,5/12/2020 16:14,2020-05-12T16:14:00Z,05/12 12:14,355,1338,2020-05-12T16:14:00Z,45,274,8409,93140,93140,8683,93140,24,86,1c70db6f138cd828f55f745bcb2f1777e62080e4,0,0,0,0,0,
20200511,SC,7653,76804,,,1252,,,,,4120,B,5/10/2020 16:30,2020-05-10T16:30:00Z,05/10 12:30,331,1252,2020-05-10T16:30:00Z,45,0,0,84457,84457,0,84457,0,0,d4a1ff9a13653c49b9a524ef7f463e1a0d7d798d,0,0,0,0,0,
20200510,SC,7653,76804,,,1252,,,,,4120,B,5/10/2020 16:30,2020-05-10T16:30:00Z,05/10 12:30,331,1252,2020-05-10T16:30:00Z,45,122,3372,84457,84457,3494,84457,1,0,0f61078a94b0a5ce068ac5909d2973c41e1e6dc4,0,0,0,0,0,
20200509,SC,7531,73432,,,1252,,,,,4120,B,5/8/2020 16:30,2020-05-08T16:30:00Z,05/08 12:30,330,1252,2020-05-08T16:30:00Z,45,389,7132,80963,80963,7521,80963,14,100,3fadd8be303194d3b8479eef909b6a6b5e7f56b9,0,0,0,0,0,
20200508,SC,7142,66300,,,1152,,,,,3816,B,5/7/2020 16:13,2020-05-07T16:13:00Z,05/07 12:13,316,1152,2020-05-07T16:13:00Z,45,206,-4246,73442,73442,-4040,73442,11,0,f7741a07423ec3c752839693f9e6d0a54605ac17,0,0,0,0,0,
20200507,SC,6936,70546,,,1152,,,,,3816,B,5/6/2020 16:20,2020-05-06T16:20:00Z,05/06 12:20,305,1152,2020-05-06T16:20:00Z,45,0,0,77482,77482,0,77482,0,0,160c2aa52a11787a4847f30fb422f8e13a384b70,0,0,0,0,0,
20200506,SC,6936,70546,,,1152,,,,,3816,B,5/6/2020 16:20,2020-05-06T16:20:00Z,05/06 12:20,305,1152,2020-05-06T16:20:00Z,45,179,9532,77482,77482,9711,77482,22,42,6695476e473c8574ac5230bf344313d7e4dc681c,0,0,0,0,0,
20200505,SC,6757,61014,,,1110,,,,,3622,B,5/4/2020 16:35,2020-05-04T16:35:00Z,05/04 12:35,283,1110,2020-05-04T16:35:00Z,45,131,3452,67771,67771,3583,67771,8,0,f94b285e35c9848a0a51fa4798371db79175bb32,0,0,0,0,0,
20200504,SC,6626,57562,,,1110,,,,,3622,B,5/3/2020 15:30,2020-05-03T15:30:00Z,05/03 11:30,275,1110,2020-05-03T15:30:00Z,45,0,0,64188,64188,0,64188,0,0,13b47142273d757b8fb2d075087d7fdb964660f8,0,0,0,0,0,
20200503,SC,6626,57562,,,1110,,,,,3622,B,5/3/2020 15:30,2020-05-03T15:30:00Z,05/03 11:30,275,1110,2020-05-03T15:30:00Z,45,137,2435,64188,64188,2572,64188,8,0,59f9f9ddc6d8d9eb2a4ee676f354fc134d187758,0,0,0,0,0,
20200502,SC,6489,55127,,,1110,,,,,3622,B,5/2/2020 15:45,2020-05-02T15:45:00Z,05/02 11:45,267,1110,2020-05-02T15:45:00Z,45,231,2006,61616,61616,2237,61616,11,0,df8051550f31fce95262ec6c97641930a44fc79b,0,0,0,0,0,
20200501,SC,6258,53121,,,1110,,,,,3622,B,5/1/2020 16:00,2020-05-01T16:00:00Z,05/01 12:00,256,1110,2020-05-01T16:00:00Z,45,163,2704,59379,59379,2867,59379,12,110,d8c3456b30a2a7b2b9a402a4ca6a715f75e6618f,0,0,0,0,0,
20200430,SC,6095,50417,,,1000,,,,,3252,B,4/30/2020 16:04,2020-04-30T16:04:00Z,04/30 12:04,244,1000,2020-04-30T16:04:00Z,45,214,2081,56512,56512,2295,56512,41,0,f635e6e1980e25b6ebb6f20fa973e6e9ce94cf1f,0,0,0,0,0,
20200429,SC,5881,48336,,,1000,,,,,3252,B,4/29/2020 15:30,2020-04-29T15:30:00Z,04/29 11:30,203,1000,2020-04-29T15:30:00Z,45,268,1804,54217,54217,2072,54217,26,56,0ef9b92a0eb12526543a2f75a2f2dd414da49553,0,0,0,0,0,
20200428,SC,5613,46532,,,944,,,,,2830,B,4/27/2020 16:30,2020-04-27T16:30:00Z,04/27 12:30,177,944,2020-04-27T16:30:00Z,45,123,1261,52145,52145,1384,52145,3,0,8deb86894e2baa7b785103f57fb4476d79bb9ab0,0,0,0,0,0,
20200427,SC,5490,45271,,,944,,,,,3701,B,4/26/2020 15:30,2020-04-26T15:30:00Z,04/26 11:30,174,944,2020-04-26T15:30:00Z,45,0,0,50761,50761,0,50761,0,0,d204699207849b814232a369afc128148c4b0742,0,0,0,0,0,
20200426,SC,5490,45271,,,944,,,,,3701,B,4/26/2020 15:30,2020-04-26T15:30:00Z,04/26 11:30,174,944,2020-04-26T15:30:00Z,45,237,1510,50761,50761,1747,50761,8,0,29d707752ef58f704e30863be0a78e4f9a4fa1a3,0,0,0,0,0,
20200425,SC,5253,43761,,,944,,,,,3701,B,4/25/2020 15:39,2020-04-25T15:39:00Z,04/25 11:39,166,944,2020-04-25T15:39:00Z,45,336,4215,49014,49014,4551,49014,16,107,ca068b3f3de90f6b0b00eeba725d0ea7ecf2131f,0,0,0,0,0,
20200424,SC,4917,39546,,,837,,,,,3317,B,4/24/2020 17:24,2020-04-24T17:24:00Z,04/24 13:24,150,837,2020-04-24T17:24:00Z,45,0,0,44463,44463,0,44463,0,0,64854c85c0af84f4c0aa156b8b9cc2d4678bbc5d,0,0,0,0,0,
20200423,SC,4917,39546,,,837,,,,,3317,B,4/22/2020 23:59,2020-04-22T23:59:00Z,04/22 19:59,150,837,2020-04-22T23:59:00Z,45,156,1196,44463,44463,1352,44463,10,0,41dc5477108ecc16c390c4b8f874f46b6388f944,0,0,0,0,0,
20200422,SC,4761,38350,,,837,,,,,3317,B,4/21/2020 23:59,2020-04-21T23:59:00Z,04/21 19:59,140,837,2020-04-21T23:59:00Z,45,322,1512,43111,43111,1834,43111,16,61,ebf774f557624d78c453edeaadb7feec5103907e,0,0,0,0,0,
20200421,SC,4439,36838,,,776,,,,,2063,B,4/21/2020 16:30,2020-04-21T16:30:00Z,04/21 12:30,124,776,2020-04-21T16:30:00Z,45,62,735,41277,41277,797,41277,4,0,80d7ff59d8aaf4a836bde575e0c77340466ffc0c,0,0,0,0,0,
20200420,SC,4377,36103,,,776,,,,,2063,B,4/19/2020 15:30,2020-04-19T15:30:00Z,04/19 11:30,120,776,2020-04-19T15:30:00Z,45,0,0,40480,40480,0,40480,0,0,87da39dff4f1a6cf9b690b0effb1b5fda6be40bf,0,0,0,0,0,
20200419,SC,4377,36103,,,776,,,,,2633,B,4/19/2020 15:30,2020-04-19T15:30:00Z,04/19 11:30,120,776,2020-04-19T15:30:00Z,45,131,1516,40480,40480,1647,40480,1,0,41196ef3661981e03d58507af87c07842df2b12b,0,0,0,0,0,
20200418,SC,4246,34587,,,776,,,,,2633,B,4/18/2020 15:25,2020-04-18T15:25:00Z,04/18 11:25,119,776,2020-04-18T15:25:00Z,45,315,2234,38833,38833,2549,38833,10,101,e06ec0d5d250193cc5789481ffd22cafb37ddab4,0,0,0,0,0,
20200417,SC,3931,32353,,,675,,,,,,B,4/17/2020 16:48,2020-04-17T16:48:00Z,04/17 12:48,109,675,2020-04-17T16:48:00Z,45,275,1276,36284,36284,1551,36284,2,0,75452eeb4f1e287e5a794e53d42454ed585d6587,0,0,0,0,0,
20200416,SC,3656,31077,,,675,,,,,,B,4/16/2020 17:06,2020-04-16T17:06:00Z,04/16 13:06,107,675,2020-04-16T17:06:00Z,45,0,0,34733,34733,0,34733,0,0,e15182109b82ab146c5b89c6ee78f0919a2e55c8,0,0,0,0,0,
20200415,SC,3656,31077,,,675,,,,,,B,4/15/2020 14:55,2020-04-15T14:55:00Z,04/15 10:55,107,675,2020-04-15T14:55:00Z,45,103,758,34733,34733,861,34733,10,0,cdf84cba05b76b821a4487f026f1a32d3033fab7,0,0,0,0,0,
20200414,SC,3553,30319,,,675,,,,,,B,4/14/2020 15:55,2020-04-14T15:55:00Z,04/14 11:55,97,675,2020-04-14T15:55:00Z,45,234,2213,33872,33872,2447,33872,15,179,24652bcc4f1278a60be9b5d6f5657439eaad3c42,0,0,0,0,0,
20200413,SC,3319,28106,,,496,,,,,,B,4/13/2020 17:26,2020-04-13T17:26:00Z,04/13 13:26,82,496,2020-04-13T17:26:00Z,45,0,0,31425,31425,0,31425,0,0,eef35a86412fd03ef694ebeba5e98db39856c636,0,0,0,0,0,
20200412,SC,3319,28106,,,496,,,,,,B,4/12/2020 15:30,2020-04-12T15:30:00Z,04/12 11:30,82,496,2020-04-12T15:30:00Z,45,112,1220,31425,31425,1332,31425,2,0,16a72208a4196a2c4ac6e0564701a09f97431db1,0,0,0,0,0,
20200411,SC,3207,26886,,,496,,,,,,B,4/11/2020 15:31,2020-04-11T15:31:00Z,04/11 11:31,80,496,2020-04-11T15:31:00Z,45,142,1768,30093,30093,1910,30093,8,0,e690b3fa5169f89191efa36820d5fc9153b49489,0,0,0,0,0,
20200410,SC,3065,25118,,,496,,,,,,B,4/10/2020 15:49,2020-04-10T15:49:00Z,04/10 11:49,72,496,2020-04-10T15:49:00Z,45,273,543,28183,28183,816,28183,5,255,152f7f2fb49c0db22f8a0bd7a4bb9d19f725ad63,0,0,0,0,0,
20200409,SC,2792,24575,,,241,,,,,,B,4/9/2020 16:08,2020-04-09T16:08:00Z,04/09 12:08,67,241,2020-04-09T16:08:00Z,45,240,2493,27367,27367,2733,27367,4,0,e5ac6d526345646ab1d134ee2d485e7f0b0451bd,0,0,0,0,0,
20200408,SC,2552,22082,,,241,,,,,,B,4/8/2020 15:30,2020-04-08T15:30:00Z,04/08 11:30,63,241,2020-04-08T15:30:00Z,45,135,819,24634,24634,954,24634,12,0,f50b5c8432ab8d6ce0d70d8ea9c5ca20b401a615,0,0,0,0,0,
20200407,SC,2417,21263,,,241,,,,,,B,4/7/2020 16:02,2020-04-07T16:02:00Z,04/07 12:02,51,241,2020-04-07T16:02:00Z,45,368,4336,23680,23680,4704,23680,7,0,cd88263fb66e5b982ae09d1fdaef8e871956b75d,0,0,0,0,0,
20200406,SC,2049,16927,,,241,,,,,,B,4/5/2020 15:30,2020-04-05T15:30:00Z,04/05 11:30,44,241,2020-04-05T15:30:00Z,45,0,0,18976,18976,0,18976,0,0,0e20eb24bae7482d8c72ca2d4e6eb13cc89dc534,0,0,0,0,0,
20200405,SC,2049,16927,,,241,,,,,,B,4/5/2020 15:30,2020-04-05T15:30:00Z,04/05 11:30,44,241,2020-04-05T15:30:00Z,45,132,530,18976,18976,662,18976,4,0,88aa2f0eb745b7f7d2411ea8826c2bbfb63f1129,0,0,0,0,0,
20200404,SC,1917,16397,,,241,,,,,,B,4/4/2020 15:54,2020-04-04T15:54:00Z,04/04 11:54,40,241,2020-04-04T15:54:00Z,45,363,10956,18314,18314,11319,18314,9,0,2237ef0b8acd37314f8c7a04b1a39ca5999b7db6,0,0,0,0,0,
20200403,SC,1554,5441,,,241,,,,,,B,4/2/2020 16:04,2020-04-02T16:04:00Z,04/02 12:04,31,241,2020-04-02T16:04:00Z,45,0,0,6995,6995,0,6995,0,0,05d044cb6af9cf25b15145991e61fdbcf51dc5a6,0,0,0,0,0,
20200402,SC,1554,5441,,,241,,,,,,B,4/2/2020 16:04,2020-04-02T16:04:00Z,04/02 12:04,31,241,2020-04-02T16:04:00Z,45,261,408,6995,6995,669,6995,5,139,a8bc7f3b02c2d37dca4ef28d635e4c3ac21d5626,0,0,0,0,0,
20200401,SC,1293,5033,,,102,,,,,,B,4/1/2020 15:55,2020-04-01T15:55:00Z,04/01 11:55,26,102,2020-04-01T15:55:00Z,45,210,417,6326,6326,627,6326,4,0,5bb50eba45dd87cac2da14b6517e76a288d3d9ec,0,0,0,0,0,
20200331,SC,1083,4616,,,102,,,,,,B,3/31/2020 16:31,2020-03-31T16:31:00Z,03/31 12:31,22,102,2020-03-31T16:31:00Z,45,158,456,5699,5699,614,5699,4,0,95bee7e325c0a7faee51f1209bab849f9677f29b,0,0,0,0,0,
20200330,SC,925,4160,,,102,,,,,,B,3/30/2020 16:00,2020-03-30T16:00:00Z,03/30 12:00,18,102,2020-03-30T16:00:00Z,45,151,1145,5085,5085,1296,5085,2,0,0fe40cbe3ac758eedf090b0f3c74c646b7429b2f,0,0,0,0,0,
20200329,SC,774,3015,,,102,,,,,,B,3/29/2020 15:30,2020-03-29T15:30:00Z,03/29 11:30,16,102,2020-03-29T15:30:00Z,45,235,607,3789,3789,842,3789,3,0,d3349479a4cc86357db004eecac24a4c97cb6e3e,0,0,0,0,0,
20200328,SC,539,2408,,,102,,,,,,B,3/27/2020 16:32,2020-03-27T16:32:00Z,03/27 12:32,13,102,2020-03-27T16:32:00Z,45,83,101,2947,2947,184,2947,4,0,9224938cefcf649e601202df5e0809ac0271deea,0,0,0,0,0,
20200327,SC,456,2307,,,102,,,,,,B,3/26/2020 16:35,2020-03-26T16:35:00Z,03/26 12:35,9,102,2020-03-26T16:35:00Z,45,0,0,2763,2763,0,2763,0,0,7df40cbb6df171c451dee7bb7e6994cb98776dc7,0,0,0,0,0,
20200326,SC,456,2307,,,102,,,,,,B,3/26/2020 11:00,2020-03-26T11:00:00Z,03/26 07:00,9,102,2020-03-26T11:00:00Z,45,32,4,2763,2763,36,2763,2,0,fe346fb99365ef83e4c5c6d06359a3ec20059eed,0,0,0,0,0,
20200325,SC,424,2303,,,102,,,,,,B,3/24/2020 19:30,2020-03-24T19:30:00Z,03/24 15:30,7,102,2020-03-24T19:30:00Z,45,126,291,2727,2727,417,2727,2,102,76dffe6b0c47e4de4fbe3ee10ec9a875c1b18d92,0,0,0,0,0,
20200324,SC,298,2012,,,,,,,,,B,3/23/2020 16:35,2020-03-23T16:35:00Z,03/23 12:35,5,,2020-03-23T16:35:00Z,45,0,546,2310,2310,546,2310,0,0,48ba203c0b95af6c2b8687b2e8a29832fd7a1688,0,0,0,0,0,
20200323,SC,298,1466,,,,,,,,,A,3/23/2020 16:35,2020-03-23T16:35:00Z,03/23 12:35,5,,2020-03-23T16:35:00Z,45,103,0,1764,1764,103,1764,2,0,9dd5b998fbd0fab2bb2a6e8035b2019c53b40835,0,0,0,0,0,
20200322,SC,195,1466,,,,,,,,,,3/22/2020 15:40,2020-03-22T15:40:00Z,03/22 11:40,3,,2020-03-22T15:40:00Z,45,43,211,1661,1661,254,1661,2,0,d7c1098ff3f22888e34b2909e8ee887461a868e2,0,0,0,0,0,
20200321,SC,152,1255,,,,,,,,,,3/20/2020 16:45,2020-03-20T16:45:00Z,03/20 12:45,1,,2020-03-20T16:45:00Z,45,71,422,1407,1407,493,1407,0,0,42bf058c85c9faaa3a4bd15ef0f2a84486ff8c13,0,0,0,0,0,
20200320,SC,81,833,,,,,,,,,,3/19/2020 17:10,2020-03-19T17:10:00Z,03/19 13:10,1,,2020-03-19T17:10:00Z,45,21,250,914,914,271,914,0,0,9a44604f0b10d75e4e181a55036562a8259d30c6,0,0,0,0,0,
20200319,SC,60,583,,,,,,,,,,3/18/2020 16:00,2020-03-18T16:00:00Z,03/18 12:00,1,,2020-03-18T16:00:00Z,45,0,0,643,643,0,643,0,0,2ba15fbd5d9e81e6abfd905f67a580e83cb86bf9,0,0,0,0,0,
20200318,SC,60,583,,,,,,,,,,3/18/2020 16:00,2020-03-18T16:00:00Z,03/18 12:00,1,,2020-03-18T16:00:00Z,45,27,272,643,643,299,643,0,0,7bd862aff14f2992d2f296d60f6aeb4969de7b0e,0,0,0,0,0,
20200317,SC,33,311,,,,,,,,,,3/17/2020 12:02,2020-03-17T12:02:00Z,03/17 08:02,1,,2020-03-17T12:02:00Z,45,5,76,344,344,81,344,0,0,e8d44d2b66fc40d04a27af7178004631441fa8ad,0,0,0,0,0,
20200316,SC,28,235,,,,,,,,,,3/16/2020 15:24,2020-03-16T15:24:00Z,03/16 11:24,1,,2020-03-16T15:24:00Z,45,9,81,263,263,90,263,1,0,92f72f20ce78eb53284b6798de23b0ea4fdbc49f,0,0,0,0,0,
20200315,SC,19,154,,,,,,,,,,3/14/2020 16:18,2020-03-14T16:18:00Z,03/14 12:18,,,2020-03-14T16:18:00Z,45,6,44,173,173,50,173,0,0,fcc1fb47158a81f37fc025002ff3dcc929a45340,0,0,0,0,0,
20200314,SC,13,110,,,,,,,,,,3/13/2020 17:47,2020-03-13T17:47:00Z,03/13 13:47,,,2020-03-13T17:47:00Z,45,1,35,123,123,36,123,0,0,dc3a4e1f1800cad0ab268ed0a6f6a49cf72d8d4a,0,0,0,0,0,
20200313,SC,12,75,,,,,,,,,,3/12/2020 16:05,2020-03-12T16:05:00Z,03/12 12:05,,,2020-03-12T16:05:00Z,45,2,27,87,87,29,87,0,0,41de27b15eb9227cd5622b2bd0ee01077bccb0eb,0,0,0,0,0,
20200312,SC,10,48,,,,,,,,,,3/11/2020 17:12,2020-03-11T17:12:00Z,03/11 13:12,,,2020-03-11T17:12:00Z,45,1,16,58,58,17,58,0,0,8cbe33eb5ba8329b82701ba378eaa4f835ed2e16,0,0,0,0,0,
20200311,SC,9,32,,,,,,,,,,,,,,,,45,2,8,41,41,10,41,0,0,d06cd323b4c1184c70cb95495d151a8bfa2bbf0b,0,0,0,0,0,
20200310,SC,7,24,,,,,,,,,,,,,,,,45,0,0,31,31,0,31,0,0,3004ac4fc361128287b6a06c1f9a7aaf0c85d65d,0,0,0,0,0,
20200309,SC,7,24,,,,,,,,,,,,,,,,45,5,16,31,31,21,31,0,0,b1171960ec00d09d48d9c8b8add48bd23f3d7e62,0,0,0,0,0,
20200308,SC,2,8,,,,,,,,,,,,,,,,45,0,0,10,10,0,10,0,0,eeb519a4f3cc37527c0e9de8cdbec7398f0a78ff,0,0,0,0,0,
20200307,SC,2,8,,,,,,,,,,,,,,,,45,2,3,10,10,5,10,0,0,120db293faba48c42823964c829380740b785aff,0,0,0,0,0,
20200306,SC,0,5,,,,,,,,,,,,,,,,45,0,0,5,5,0,5,0,0,b1371309bbc25ea7b88f1e919854daf9f78ffee1,0,0,0,0,0,
20200305,SC,0,5,,,,,,,,,,,,,,,,45,0,0,5,5,0,5,0,0,b89d8ffc168468aaaffd91190b13d6578ffbc40e,0,0,0,0,0,
20200304,SC,0,5,,,,,,,,,,,,,,,,45,0,0,5,5,0,5,0,0,e46fa26694a224ddf25122f67839d06a1233b82f,0,0,0,0,0,
