date,state,fips,positive,positiveIncrease,negative,negativeIncrease,pending,total,totalTestResults,totalTestResultsIncrease,posNeg,hospitalizedCurrently,hospitalizedCumulative,inIcuCurrently,inIcuCumulative,onVentilatorCurrently,onVentilatorCumulative,recovered,dataQualityGrade,lastUpdateEt,death,deathIncrease,hospitalized,hospitalizedIncrease,dateChecked,hash
20200525,LA,22,37809,640,293089,14222,,330898,330898,14862,330898,847,,,,102,,28700,B,5/25/2020 13:00,2690,0,,0,2020-05-25T20:00:00Z,69dfbafb5b9a6b744183de081503b8f6cee7c32f
20200524,LA,22,37169,129,278867,1460,,316036,316036,1589,316036,813,,,,102,,26249,B,5/24/2020 13:00,2690,22,,0,2020-05-24T20:00:00Z,475262515715cdf0ae47c1cb9cc404782cdf9287
20200523,LA,22,37040,115,277407,2524,,314447,314447,2639,314447,836,,,,112,,26249,B,5/23/2020 13:00,2668,0,,0,2020-05-23T20:00:00Z,816e16f04e05f3db3123463b53cd34474caed7ae
20200522,LA,22,36925,421,274883,6006,,311808,311808,6427,311808,867,,,,104,,26249,B,5/22/2020 13:00,2668,39,,0,2020-05-22T20:00:00Z,93ac62bfe7883ad6977f9d4de0c7dd4adf2f714a
20200521,LA,22,36504,1188,268877,18223,,305381,305381,19411,305381,884,,,,107,,26249,B,5/21/2020 13:00,2629,21,,0,2020-05-21T20:00:00Z,e8348f8d80bf2d3ddf73b091381d845bc21a0f6d
20200520,LA,22,35316,278,250654,7619,,285970,285970,7897,285970,931,,,,110,,26249,B,5/20/2020 13:00,2608,27,,0,2020-05-20T20:00:00Z,5c1a921361efbd1a26b54f00804b3206eba6eca1
20200519,LA,22,35038,329,243035,7996,,278073,278073,8325,278073,1004,,,,112,,26249,B,5/19/2020 13:00,2581,18,,0,2020-05-19T20:00:00Z,a95564b35e0ad8e1e7ac3ba9a21e3754e7280589
20200518,LA,22,34709,277,235039,4301,,269748,269748,4578,269748,1031,,,,118,,26249,B,5/18/2020 13:00,2563,72,,0,2020-05-18T20:00:00Z,151ea27b2710a677957fe98d7dd39bd6021dbc6b
20200517,LA,22,34432,315,230738,5113,,265170,265170,5428,265170,1019,,,,111,,22608,B,5/17/2020 13:00,2491,12,,0,2020-05-17T20:00:00Z,d664730805dafbbc6c03695c4798deb4b01d8266
20200516,LA,22,34117,280,225625,6273,,259742,259742,6553,259742,1028,,,,123,,22608,B,5/16/2020 13:00,2479,31,,0,2020-05-16T20:00:00Z,9d78d8f4204819948964772db8331cb72d2c43ee
20200515,LA,22,33837,348,219352,5253,,253189,253189,5601,253189,1091,,,,132,,22608,B,5/15/2020 13:00,2448,31,,0,2020-05-15T20:00:00Z,397636da600b73eea42df8c3af82a139b3355273
20200514,LA,22,33489,827,214099,8857,,247588,247588,9684,247588,1193,,,,140,,22608,B,5/14/2020 13:00,2417,36,,0,2020-05-14T20:00:00Z,7324d36de3fe74d2f4f4344347170f44d66515a0
20200513,LA,22,32662,612,205242,9280,,237904,237904,9892,237904,1194,,,,147,,22608,B,5/13/2020 13:00,2381,34,,0,2020-05-13T20:00:00Z,a97e416fc398b3de85f42ab8cce2687f4b02544e
20200512,LA,22,32050,235,195962,6947,,228012,228012,7182,228012,1320,,,,146,,22608,B,5/12/2020 13:00,2347,39,,0,2020-05-12T20:00:00Z,e7ac6063a278c87f4c5c80f070baa2fede3bb604
20200511,LA,22,31815,215,189015,4743,,220830,220830,4958,220830,1310,,,,157,,22608,B,5/11/2020 13:00,2308,22,,0,2020-05-11T20:00:00Z,a60c1d0fbc8a490d9fc49d8971cb7677d00961f4
20200510,LA,22,31600,183,184272,3532,,215872,215872,3715,215872,1324,,,,161,,20316,B,5/10/2020 13:00,2286,19,,0,2020-05-10T20:00:00Z,b222aca221174a1f88254f44764be53e5668c553
20200509,LA,22,31417,562,180740,9179,,212157,212157,9741,212157,1333,,,,165,,20316,B,5/9/2020 13:00,2267,40,,0,2020-05-09T20:00:00Z,38c9a8a0674cfb1caa0e0886e8a4cc95d8af0f9c
20200508,LA,22,30855,203,171561,1446,,202416,202416,1649,202416,1359,,,,185,,20316,B,5/8/2020 13:00,2227,19,,0,2020-05-08T20:00:00Z,17aba56452ae862488401baae524868ee2d932a1
20200507,LA,22,30652,253,170115,5842,,200767,200767,6095,200767,1432,,,,189,,20316,B,5/7/2020 13:00,2208,93,,0,2020-05-07T20:00:00Z,84671f3fc77f578ed44ba46cf618654cbbb91610
20200506,LA,22,30399,403,164273,6038,,194672,194672,6441,194672,1465,,,,187,,20316,B,5/6/2020 16:30,2115,0,,0,2020-05-06T20:00:00Z,db198b4944dcb21e51f7c0c7fc7f3ab650faf74d
20200505,LA,22,29996,323,158235,6977,,188231,188231,7300,188231,1512,,,,194,,20316,B,5/5/2020 13:00,2115,51,,0,2020-05-05T20:00:00Z,c24e93d4dd9d1b4290293cc57da9bceb3b6f7404
20200504,LA,22,29673,333,151258,4438,,180931,180931,4771,180931,1502,,,,220,,20316,B,5/4/2020 13:00,2064,95,,0,2020-05-04T20:00:00Z,da96f2923a165f777dfdf88476e5760c6d4b93cc
20200503,LA,22,29340,200,146820,3102,,176160,176160,3302,176160,1530,,,,213,,17303,B,5/3/2020 13:00,1969,19,,0,2020-05-03T20:00:00Z,41d92f3fca6aec50ce1ca4a956c7321bd473c4d1
20200502,LA,22,29140,429,143718,4178,,172858,172858,4607,172858,1545,,,,208,,17303,B,5/2/2020 13:00,1950,23,,0,2020-05-02T20:00:00Z,b6bd35735d122772e25b2ab60e78868bed1868ca
20200501,LA,22,28711,710,139540,6232,,168251,168251,6942,168251,1607,,,,230,,17303,B,5/1/2020 13:00,1927,65,,0,2020-05-01T20:00:00Z,992e664676ae7529b0ed1172903e9b8abdf96ed2
20200430,LA,22,28001,341,133308,4400,,161309,161309,4741,161309,1601,,,,231,,17303,B,4/30/2020 13:00,1862,60,,0,2020-04-30T20:00:00Z,bb403a80eb4b4e3424eba0390687703a8c66a388
20200429,LA,22,27660,374,128908,5086,,156568,156568,5460,156568,1629,,,,244,,17303,B,4/29/2020 13:00,1802,44,,0,2020-04-29T20:00:00Z,4a0b8562348f25dd1613bfa8cee8fd53067d7d8a
20200428,LA,22,27286,218,123822,3901,,151108,151108,4119,151108,1666,,,,244,,17303,B,4/28/2020 13:00,1758,61,,0,2020-04-28T20:00:00Z,e1a123634199fae093d2f6ebc9ca9257888b10bb
20200427,LA,22,27068,295,119921,3658,,146989,146989,3953,146989,1683,,,,262,,17303,B,4/27/2020 13:00,1697,27,,0,2020-04-27T20:00:00Z,61adbf824cee73add18be2b460ed00fe117aa1cd
20200426,LA,22,26773,261,116263,3773,,143036,143036,4034,143036,1701,,,,265,,14927,B,4/26/2020 13:00,1670,26,,0,2020-04-26T20:00:00Z,0b8776af1e410393ca3a9e675c4e189fff114e14
20200425,LA,22,26512,372,112490,518,,139002,139002,890,139002,1700,,,,268,,14927,B,4/25/2020 13:00,1644,43,,0,2020-04-25T20:00:00Z,978722eed6f2b8ecd8d76e72f1dc5f818dc7b6a0
20200424,LA,22,26140,401,111972,198,,138112,138112,599,138112,1697,,,,286,,14927,A,4/24/2020 13:00,1601,61,,0,2020-04-24T20:00:00Z,90e583708e3d645b40170412c0b7722008a85509
20200423,LA,22,25739,481,111774,186,,137513,137513,667,137513,1727,,,,274,,14927,A,4/23/2020 13:00,1540,67,,0,2020-04-23T20:00:00Z,3713781942658ec2c7b48959cbef8d3b4f20a4db
20200422,LA,22,25258,404,111588,0,,136846,136846,404,136846,1747,,,,287,,14927,A,4/22/2020 13:00,1473,68,,0,2020-04-22T20:00:00Z,d0582d753d65b68b76b802ae62264a44e887358d
20200421,LA,22,24854,331,111588,0,,136442,136442,331,136442,1798,,,,297,,,A,4/21/2020 13:00,1405,77,,0,2020-04-21T20:00:00Z,8d414f1d66ee31621266153960ba87d83b5c9fd1
20200420,LA,22,24523,595,111588,168,,136111,136111,763,136111,1794,,,,332,,,A,4/20/2020 13:00,1328,32,,0,2020-04-20T20:00:00Z,1abc8754264d35b96f626efd0bd3b907e505d362
20200419,LA,22,23928,348,111420,-2999,,135348,135348,-2651,135348,1748,,,,349,,,A,4/19/2020 13:00,1296,29,,0,2020-04-19T20:00:00Z,c936a3c0cb6d21b4c9105130707477780efbd2f9
20200418,LA,22,23580,462,114419,5550,,137999,137999,6012,137999,1761,,,,347,,,A,4/18/2020 13:00,1267,54,,0,2020-04-18T20:00:00Z,3efcb7e5e3fa3da04c3d7088ab6e5244ce8b3ad9
20200417,LA,22,23118,586,108869,4815,,131987,131987,5401,131987,1868,,,,363,,,A,4/17/2020 13:00,1213,57,,0,2020-04-17T20:00:00Z,44ca6d60ddfdb8d33cd788f5d05e4f1a1805952c
20200416,LA,22,22532,581,104054,4077,,126586,126586,4658,126586,1914,,,,396,,,A,4/16/2020 13:00,1156,53,,0,2020-04-16T20:00:00Z,fa6fd5e6332a55176b6dd6ee73645af7c3188a05
20200415,LA,22,21951,433,99977,3073,,121928,121928,3506,121928,1943,,,,425,,,A,4/15/2020 13:00,1103,90,,0,2020-04-15T20:00:00Z,48dae73fe9d7b11bb687bd1475d32eb07ccba9e0
20200414,LA,22,21518,502,96904,9829,,118422,118422,10331,118422,1977,,,,436,,,A,4/13/2020 13:00,1013,129,,0,2020-04-14T20:00:00Z,b8ca1960321f10ff028fb88cc2bbc8c5896943db
20200413,LA,22,21016,421,87075,3625,,108091,108091,4046,108091,2134,,,,461,,,A,4/13/2020 13:00,884,44,,0,2020-04-13T20:00:00Z,018401abaa8ff987e4e1d5506b76f712f5cd19a4
20200412,LA,22,20595,581,83450,6549,,104045,104045,7130,104045,2084,,,,458,,,A,4/12/2020 13:00,840,34,,0,2020-04-12T20:00:00Z,64102cd25aa4f4a2f0641e1677a2f55b227ae1b3
20200411,LA,22,20014,761,76901,3874,,96915,96915,4635,96915,2067,,,,470,,,A,4/11/2020 13:00,806,51,,0,2020-04-11T20:00:00Z,75cc8c6a3253b5cca825b71c55dd7b57a30ed4d3
20200410,LA,22,19253,970,73027,4391,,92280,92280,5361,92280,2054,,,,479,,,A,4/10/2020 13:00,755,53,,0,2020-04-10T20:00:00Z,7b953da8d9e0b397a9e5d13bf2687550e7da8172
20200409,LA,22,18283,1253,68636,4260,,86919,86919,5513,86919,2014,,,,473,,,A,4/9/2020 13:00,702,50,,0,2020-04-09T20:00:00Z,24cf26306bcf155e0803fec2e13554d7631c7b2a
20200408,LA,22,17030,746,64376,6005,,81406,81406,6751,81406,1983,,,,490,,,A,4/8/2020 13:00,652,70,,0,2020-04-08T20:00:00Z,61aa6318a3a89390308374c9f6f498f64aa51f85
20200407,LA,22,16284,1417,58371,4072,,74655,74655,5489,74655,1996,,,,519,,,A,4/7/2020 13:00,582,70,,0,2020-04-07T20:00:00Z,c7585be757427e8b449f053a9a93a6128b84fe63
20200406,LA,22,14867,1857,54299,6984,,69166,69166,8841,69166,1981,,,,552,,,A,4/6/2020 13:00,512,35,,0,2020-04-06T20:00:00Z,f453db575f6832a50fdbb90bf561a24f54eaabb3
20200405,LA,22,13010,514,47315,1313,,60325,60325,1827,60325,1803,,,,561,,,A,4/5/2020 13:00,477,68,,0,2020-04-05T20:00:00Z,cb8ca325080c94f5fbd1c6b43f258427f85ea88a
20200404,LA,22,12496,2199,46002,2654,,58498,58498,4853,58498,1726,,,,571,,,A,4/4/2020 13:40,409,39,,0,2020-04-04T20:00:00Z,717e6585c171cab4baa720617a87a05743f8bbe9
20200403,LA,22,10297,1147,43348,1412,,53645,53645,2559,53645,1707,,,,535,,,A,4/3/2020 13:00,370,60,,0,2020-04-03T20:00:00Z,40922a18ec48d5778c710130868948560b805980
20200402,LA,22,9150,2726,41936,2584,,51086,51086,5310,51086,1639,,,,507,,,A,4/2/2020 13:00,310,37,,0,2020-04-02T20:00:00Z,e78b1f0d5bb12c65ba932fb6c2965beda2629e18
20200401,LA,22,6424,1187,39352,5622,,45776,45776,6809,45776,1498,,,,490,,,A,4/1/2020 13:00,273,34,,0,2020-04-01T20:00:00Z,a5ddd2e0f012f9538b06be06f52f28eae1e60f57
20200331,LA,22,5237,1212,33730,3722,,38967,38967,4934,38967,1355,,,,438,,,A,3/31/2020 13:00,239,54,,0,2020-03-31T20:00:00Z,50f0f04a04841e71d8a294e9fb79f005ee00d902
20200330,LA,22,4025,485,30008,5677,,34033,34033,6162,34033,1185,,,,385,,,A,3/30/2020 13:00,185,34,,0,2020-03-30T20:00:00Z,f697830f500e445734ec424e0bc5bf1872c3fa68
20200329,LA,22,3540,225,24331,2485,,27871,27871,2710,27871,1127,,,,380,,,A,3/29/2020 13:00,151,14,,0,2020-03-29T20:00:00Z,9ff20de03f7aad9a5b0082221362a2d0295eb1af
20200328,LA,22,3315,569,21846,3233,,25161,25161,3802,25161,927,,,,336,,,A,3/28/2020 13:00,137,18,,0,2020-03-28T20:00:00Z,fc48dff86bd8c4e8ba93211dc2cb6d901e72c739
20200327,LA,22,2746,441,18613,2889,,21359,21359,3330,21359,773,,,,270,,,A,3/27/2020 13:00,119,36,,0,2020-03-27T20:00:00Z,13cdb9f80d7a78c452d51d02f1fdd0a8e8744b3b
20200326,LA,22,2305,510,15724,6068,,18029,18029,6578,18029,676,,,,239,,,A,3/26/2020 15:00,83,18,,0,2020-03-26T20:00:00Z,d0ab8d97fcad80dc791f7ac655630a2b9ff64535
20200325,LA,22,1795,407,9656,2441,,11451,11451,2848,11451,491,,,,163,,,A,3/25/2020 13:00,65,19,,0,2020-03-25T20:00:00Z,8bf0cdd86f9bc4d19c7f23aecdc34a379c9c3e4f
20200324,LA,22,1388,216,7215,2439,,8603,8603,2655,8603,271,,,,,,,A,3/24/2020 13:00,46,12,,0,2020-03-24T20:00:00Z,875e1398c65bf0ad0f40caf993080c280569b432
20200323,LA,22,1172,335,4776,2115,,5948,5948,2450,5948,,,,,,,,B,3/23/2020 13:00,34,14,,0,2020-03-23T20:00:00Z,367244808daef7bd3753bb8f25959446c6a036e3
20200322,LA,22,837,257,2661,481,,3498,3498,738,3498,,,,,,,,,3/22/2020 10:00,20,4,,0,2020-03-22T20:00:00Z,31b36f1d3968733ccc90904ca6170c2965b8a0aa
20200321,LA,22,580,107,2180,1612,,2760,2760,1719,2760,,,,,,,,,3/21/2020 10:30,16,4,,0,2020-03-21T20:00:00Z,fb3940eda470dca9a9663f69af7fc4ffc172558d
20200320,LA,22,473,126,568,110,,1041,1041,236,1041,,,,,,,,,3/20/2020 15:30,12,4,,0,2020-03-20T20:00:00Z,9a347b0596fc7c20bcf683111920a9921a31029b
20200319,LA,22,347,107,458,123,,805,805,230,805,,,,,,,,,3/19/2020 10:30,8,2,,0,2020-03-19T20:00:00Z,ba3d135f7b709e430887a5045daa7dcb4fd99814
20200318,LA,22,240,103,335,49,,575,575,152,575,,,,,,,,,3/18/2020 00:00,6,2,,0,2020-03-18T20:00:00Z,e725559a249b498aabc668b145a776c9f84ca10e
20200317,LA,22,137,22,286,98,,423,423,120,423,,,,,,,,,3/17/2020 10:30,4,2,,0,2020-03-17T20:00:00Z,b74f823f0bb9464a64691abbbafd5e7d2fa931c9
20200316,LA,22,115,25,188,32,,303,303,57,303,,,,,,,,,3/16/2020 15:50,2,0,,0,2020-03-16T20:00:00Z,43227368183a52d97c875e4caeaae8a6271f1e7f
20200315,LA,22,90,39,156,47,,246,246,86,246,,,,,,,,,3/15/2020 11:30,2,2,,0,2020-03-15T20:00:00Z,100ce4a6399572ffe45722f0aacf7d5556bdd402
20200314,LA,22,51,15,109,72,,160,160,87,160,,,,,,,,,3/14/2020 12:15,,0,,0,2020-03-14T20:00:00Z,32514ad9d4aad5dd0962a08b398b13086c2d6cc3
20200313,LA,22,36,22,37,0,,73,73,22,73,,,,,,,,,3/13/2020 16:00,,0,,0,2020-03-13T20:00:00Z,39adffa140fea79fc1df4108b44c0a69a840d909
20200312,LA,22,14,8,37,0,,51,51,8,51,,,,,,,,,3/12/2020 10:30,,0,,0,2020-03-12T20:00:00Z,5f9c29d1f63029edd84313799c96ddad45ce2c2a
20200311,LA,22,6,5,37,26,,43,43,31,43,,,,,,,,,,,0,,0,2020-03-11T20:00:00Z,1044a03f9ea579b4d45fe0ffedac6ce3b1837295
20200310,LA,22,1,0,11,6,,12,12,6,12,,,,,,,,,,,0,,0,2020-03-10T20:00:00Z,6b810853eb71b477eb9e938705e38ec5426fcd25
20200309,LA,22,1,1,5,0,,6,6,1,6,,,,,,,,,,,0,,0,2020-03-09T20:00:00Z,b1e68fd0c488bfe4f54e0d23b56d8a4863ec9d8f
20200308,LA,22,0,0,5,5,,5,5,5,5,,,,,,,,,,,0,,0,2020-03-08T20:00:00Z,4abff5f9e88f3edf5310db9d75ea57eec2a87066
