date,state,fips,positive,positiveIncrease,negative,negativeIncrease,pending,total,totalTestResults,totalTestResultsIncrease,posNeg,hospitalizedCurrently,hospitalizedCumulative,inIcuCurrently,inIcuCumulative,onVentilatorCurrently,onVentilatorCumulative,recovered,dataQualityGrade,lastUpdateEt,death,deathIncrease,hospitalized,hospitalizedIncrease,dateChecked,hash
20200524,AR,05,5922,310,102659,5224,,108581,108581,5534,108581,86,598,,,17,111,4148,A,5/24/2020 00:00,116,3,598,8,2020-05-24T20:00:00Z,5ddaad4ab22735053d4312f7cf9b270bb2abe337
20200523,AR,05,5612,0,97435,0,,103047,103047,0,103047,81,590,,,14,111,4029,A,5/23/2020 00:00,113,0,590,6,2020-05-23T20:00:00Z,2ce0f9724da60a2f261353e4c8de1923e216193d
20200522,AR,05,5612,154,97435,3617,,103047,103047,3771,103047,86,584,,,14,110,4029,A,5/22/2020 00:00,113,3,584,49,2020-05-22T20:00:00Z,a510e56cc0bc7a9540cb46e78799a2c82e6845cf
20200521,AR,05,5458,455,93818,2563,,99276,99276,3018,99276,78,535,,,14,101,3915,A,5/21/2020 00:00,110,3,535,0,2020-05-21T20:00:00Z,5c0e256ed1bd51c52c473139d688c58d885f195e
20200520,AR,05,5003,80,91255,2477,,96258,96258,2557,96258,78,535,,,14,101,3852,A,5/20/2020 00:00,107,5,535,0,2020-05-20T20:00:00Z,2125bc978e0527e14d4e3d0b760bfe9f962c074e
20200519,AR,05,4923,110,88778,8352,,93701,93701,8462,93701,78,535,,,14,101,3739,A,5/19/2020 00:00,102,2,535,5,2020-05-19T20:00:00Z,97282aa3b3df15ff19647e459ac838257abcd015
20200518,AR,05,4813,54,80426,0,,85239,85239,54,85239,77,530,,,12,101,3645,A,5/18/2020 00:00,100,2,530,10,2020-05-18T20:00:00Z,557a364fcb9c66c26d8d32edf4c12d372b5a9183
20200517,AR,05,4759,181,80426,3360,,85185,85185,3541,85185,65,520,,,9,101,3590,A,5/17/2020 00:00,98,0,520,0,2020-05-17T20:00:00Z,3a6a7d9ba5f8a7e6149d1dbdcedccb6ebfed2afc
20200516,AR,05,4578,115,77066,0,,81644,81644,115,81644,65,520,,,10,101,3472,A,5/15/2020 16:20,98,0,520,0,2020-05-16T20:00:00Z,1db544171ec1666fc69e738900e5e3074e9ac38c
20200515,AR,05,4463,227,77066,5484,,81529,81529,5711,81529,65,520,,,9,101,3390,A,5/15/2020 16:20,98,1,520,11,2020-05-15T20:00:00Z,908408c16319e4d56cb77917d761a3467ddfdced
20200514,AR,05,4236,72,71582,2531,,75818,75818,2603,75818,64,509,,,13,100,3277,A,5/14/2020 08:20,97,2,509,12,2020-05-14T20:00:00Z,7c922f34f0559f52de852038221e8acceec98f2b
20200513,AR,05,4164,0,69051,2771,,73215,73215,2771,73215,59,497,,,12,99,3220,A,5/12/2020 18:33,95,0,497,12,2020-05-13T20:00:00Z,802aba578f1d32c73386617c5cc1e9824d44e406
20200512,AR,05,4164,130,66280,1284,,70444,70444,1414,70444,59,485,,,12,98,3220,A,5/11/2020 18:55,95,1,485,5,2020-05-12T20:00:00Z,24863d43400ec5352260f22ea9aa08dd34645bdf
20200511,AR,05,4034,287,64996,3215,,69030,69030,3502,69030,61,480,,,11,98,3149,A,5/10/2020 19:05,94,6,480,9,2020-05-11T20:00:00Z,d8270d146729891f31c862e151caedf304848be6
20200510,AR,05,3747,0,61781,0,,65528,65528,0,65528,64,471,,,14,96,2968,B,5/10/2020 10:15,88,0,471,0,2020-05-10T20:00:00Z,07b7f7fd168dc67f87573f687261659e1bfeb42c
20200509,AR,05,3747,53,61781,1481,,65528,65528,1534,65528,64,471,,,14,96,2968,B,5/9/2020 10:15,88,0,471,5,2020-05-09T20:00:00Z,d103c2edae3b313ce0ae6f6421d618717a9de9c8
20200508,AR,05,3694,83,60300,3916,,63994,63994,3999,63994,70,466,,,14,93,2159,B,5/8/2020 08:15,88,1,466,4,2020-05-08T20:00:00Z,35276fb7397d88ac22a15dc36d139034a23eb8a3
20200507,AR,05,3611,43,56384,949,,59995,59995,992,59995,69,462,,,14,93,2123,B,5/7/2020 09:43,87,2,462,9,2020-05-07T20:00:00Z,de00ebb1ac99b35d58f49b5932568e41cffc9c6d
20200506,AR,05,3568,72,55435,4296,,59003,59003,4368,59003,69,453,,,14,89,2109,B,5/6/2020 14:42,85,2,453,0,2020-05-06T20:00:00Z,0e7b089e7532dc92b161324c5c3a1c95b6cecf05
20200505,AR,05,3496,38,51139,155,,54635,54635,193,54635,89,453,,,16,89,2041,B,5/5/2020 16:10,83,2,453,15,2020-05-05T20:00:00Z,ca8e0c569790d7617c2e7f49c2caf09e07c2b894
20200504,AR,05,3458,27,50984,1525,,54442,54442,1552,54442,91,438,,,16,88,2016,B,5/3/2020 15:40,81,5,438,11,2020-05-04T20:00:00Z,5266b313442dc390b3576eb2ab659da6b10100ab
20200503,AR,05,3431,59,49459,1249,,52890,52890,1308,52890,100,427,,,20,88,1999,B,5/3/2020 13:30,76,3,427,13,2020-05-03T20:00:00Z,22c58ad1f543aebc8486abcf3c6a52cb8f71c394
20200502,AR,05,3372,51,48210,1855,,51582,51582,1906,51582,95,414,,,20,85,1987,B,5/2/2020 14:47,73,9,414,0,2020-05-02T20:00:00Z,030711b85930b5effe33cd5dea1c7094e03b1efd
20200501,AR,05,3321,66,46355,1231,,49676,49676,1297,49676,95,414,,,23,85,1973,B,5/1/2020 14:50,64,3,414,12,2020-05-01T20:00:00Z,5c0261c57c9c60589641a0f898391a78d0dcb291
20200430,AR,05,3255,63,45124,2867,,48379,48379,2930,48379,95,402,,,23,85,1305,B,4/30/2020 14:49,61,2,402,13,2020-04-30T20:00:00Z,642dd0ef296514f3518f41fbf8a6c83ff453bd07
20200429,AR,05,3192,81,42257,4697,,45449,45449,4778,45449,93,389,,,18,82,1249,B,4/29/2020 09:00,59,7,389,389,2020-04-29T20:00:00Z,bffaa7c0f0a0c92daaeb21508558a22ddc22f884
20200428,AR,05,3111,94,37560,120,,40671,40671,214,40671,104,,,,20,,1146,B,4/28/2020 09:00,52,2,,0,2020-04-28T20:00:00Z,1fc9511bc0c0a0143627e26ffd66c73161c3913b
20200427,AR,05,3017,76,37440,912,,40457,40457,988,40457,109,,,,25,,987,B,4/27/2020 15:00,50,1,,0,2020-04-27T20:00:00Z,163d0de3ef21f6f977305aa36ebb4c990403c03a
20200426,AR,05,2941,112,36528,1304,,39469,39469,1416,39469,104,291,,,25,57,985,B,4/26/2020 10:00,49,2,291,0,2020-04-26T20:00:00Z,21e1c8a8571f55a5d27eade50e725ee3a1179708
20200425,AR,05,2829,88,35224,2387,,38053,38053,2475,38053,104,291,,,25,57,964,B,4/25/2020 10:47,47,2,291,0,2020-04-25T20:00:00Z,193ee4fc30beace47b0a5c7eaf0cadbfbc1e49a0
20200424,AR,05,2741,276,32837,3712,,35578,35578,3988,35578,101,291,,,24,57,929,A,4/24/2020 10:47,45,0,291,0,2020-04-24T20:00:00Z,d11600ee49f11e9c88746b8e04e6f72b62509610
20200423,AR,05,2465,189,29125,1688,,31590,31590,1877,31590,101,291,,,24,57,902,A,4/23/2020 14:48,45,3,291,0,2020-04-23T20:00:00Z,e2f35694477bb04d61432890a96bf8a8ca829d0f
20200422,AR,05,2276,49,27437,2223,,29713,29713,2272,29713,97,291,,,23,57,863,A,4/22/2020 16:01,42,-1,291,0,2020-04-22T20:00:00Z,d6808f97359c6c1ebef196d380a272a36ee81df7
20200421,AR,05,2227,304,25214,584,,27441,27441,888,27441,86,291,,,27,57,809,A,4/21/2020 00:00,43,1,291,0,2020-04-21T20:00:00Z,d392ec4b1dba44f8ff676c2fbd32ef85cddbb343
20200420,AR,05,1923,142,24630,2202,,26553,26553,2344,26553,93,291,,,24,57,749,A,4/20/2020 14:30,42,2,291,0,2020-04-20T20:00:00Z,49f7a86758a9a15bd59e7bebf9c7503e510a455f
20200419,AR,05,1781,42,22428,26,,24209,24209,68,24209,88,291,,,25,57,721,A,4/19/2020 18:47,40,2,291,0,2020-04-19T20:00:00Z,03fea0301aebb32c838833bd041f5a3e11690396
20200418,AR,05,1739,44,22402,603,,24141,24141,647,24141,86,291,,,22,57,703,A,4/17/2020 19:00,38,1,291,291,2020-04-18T20:00:00Z,5ab5bf4ae1d39ca1950d243bc98def16c856efd7
20200417,AR,05,1695,75,21799,744,,23494,23494,819,23494,83,,,,21,,593,A,4/17/2020 19:00,37,0,,0,2020-04-17T20:00:00Z,0427808f897acd7305d15e736c661b74d0f17a1c
20200416,AR,05,1620,51,21055,790,,22675,22675,841,22675,85,,,,21,,548,A,4/16/2020 14:45,37,4,,0,2020-04-16T20:00:00Z,f6c3c5591cc2421046c7b98857c891050d64cbe3
20200415,AR,05,1569,89,20265,614,,21834,21834,703,21834,83,130,,43,26,39,489,A,4/15/2020 14:45,33,3,130,0,2020-04-15T20:00:00Z,7ac9803b9e1a2d02f32eef8803ba07b5cffc0ccb
20200414,AR,05,1480,70,19651,257,,21131,21131,327,21131,81,130,,43,29,39,427,A,4/14/2020 14:46,30,0,130,0,2020-04-14T20:00:00Z,766b3501a3801b97027c723a13f512bc471fdb36
20200413,AR,05,1410,130,19394,952,,20804,20804,1082,20804,74,130,,43,28,39,391,A,4/13/2020 13:33,30,3,130,0,2020-04-13T20:00:00Z,5312d9f32288c3be76b250edf7326db407f8521e
20200412,AR,05,1280,54,18442,1090,,19722,19722,1144,19722,74,130,,43,30,39,367,A,4/12/2020 11:33,27,3,130,0,2020-04-12T20:00:00Z,e6cca0969fa95d3060a79c695932ae62a4b93b61
20200411,AR,05,1226,55,17352,1403,,18578,18578,1458,18578,86,130,,43,33,39,340,A,4/11/2020 13:20,24,1,130,0,2020-04-11T20:00:00Z,5584a959b09939f4359eef3f9fff73dee5dad1cf
20200410,AR,05,1171,52,15949,2117,,17120,17120,2169,17120,86,130,,43,33,39,312,A,4/10/2020 14:36,23,2,130,0,2020-04-10T20:00:00Z,b0ad6a04e0921b651f404ef82ca7854000057cbe
20200409,AR,05,1119,119,13832,302,,14951,14951,421,14951,73,130,,43,31,39,288,A,4/9/2020 14:35,21,3,130,0,2020-04-09T20:00:00Z,4320b94f2471e708bfcc34f06f3c96f2b4a23d25
20200408,AR,05,1000,54,13530,838,,14530,14530,892,14530,76,130,,43,30,39,208,A,4/8/2020 14:35,18,2,130,-18,2020-04-08T20:00:00Z,2f4c53bbc67c2abd54ab4c1092ded7265716e93a
20200407,AR,05,946,71,12692,722,,13638,13638,793,13638,74,148,,,26,43,142,A,4/7/2020 14:41,16,0,148,11,2020-04-07T20:00:00Z,50f0cebd4272ea554056944cc39bef27a69dbbcb
20200406,AR,05,875,45,11970,1558,,12845,12845,1603,12845,74,137,,,22,39,102,A,4/6/2020 14:35,16,0,137,7,2020-04-06T20:00:00Z,d3972576347feb6e4b05448863991ddd334c3df1
20200405,AR,05,830,87,10412,785,,11242,11242,872,11242,67,130,,,27,39,97,A,4/5/2020 14:34,16,2,130,24,2020-04-05T20:00:00Z,0d2ab47d99f7beb6b52be926e70c065249eb258a
20200404,AR,05,743,39,9627,632,,10370,10370,671,10370,72,106,,,23,39,79,A,4/4/2020 00:00,14,2,106,1,2020-04-04T20:00:00Z,6ba9d23a7173289fd3856b0156796ac1fc2c84c4
20200403,AR,05,704,61,8995,1115,,9699,9699,1176,9699,71,105,,,26,39,60,A,4/3/2020 16:21,12,0,105,5,2020-04-03T20:00:00Z,53af2dd4fc7492cbf2b0da7cf6a9a0f5ee89bb7d
20200402,AR,05,643,59,7880,526,,8523,8523,585,8523,66,100,,,23,32,47,A,4/2/2020 14:45,12,2,100,10,2020-04-02T20:00:00Z,a92437965140bb327998624491ca4e4cc7159b4f
20200401,AR,05,584,61,7354,1395,,7938,7938,1456,7938,56,90,,,25,32,42,A,4/1/2020 13:26,10,2,90,90,2020-04-01T20:00:00Z,5ad9dadfe480cb2133abdef794a19943e975379c
20200331,AR,05,523,50,5959,697,,6482,6482,747,6482,64,,,,23,,35,A,3/31/2020 14:59,8,1,,0,2020-03-31T20:00:00Z,4e16d86181561d1549aaf4c30a3ece3be69ad505
20200330,AR,05,473,47,5262,2235,,5735,5735,2282,5735,62,,,,21,,29,A,3/30/2020 15:42,7,1,,0,2020-03-30T20:00:00Z,1e8e1ebe98109814ee0f767d29b86d9f8f69387a
20200329,AR,05,426,22,3027,89,,3453,3453,111,3453,43,,,,16,,28,A,3/29/2020 11:10,6,1,,0,2020-03-29T20:00:00Z,b39e7eb1a9442aa218f6ab759d346e7f4b04b159
20200328,AR,05,404,23,2938,1393,,3342,3342,1416,3342,48,,,,17,,24,A,3/28/2020 00:00,5,2,,0,2020-03-28T20:00:00Z,80834708a9885084e97e7256d102e4ca749f1af3
20200327,AR,05,381,46,1545,41,,1926,1926,87,1926,48,,,,17,,19,A,3/27/2020 14:05,3,0,,0,2020-03-27T20:00:00Z,e169523aa7288f8559a432c0a7262c2af0d99237
20200326,AR,05,335,55,1504,67,,1839,1839,122,1839,41,,,,13,,13,A,3/26/2020 00:00,3,1,,0,2020-03-26T20:00:00Z,1794c8b05c5aacd9aa33d1fe61e097bcea074f94
20200325,AR,05,280,62,1437,490,,1717,1717,552,1717,22,,,,4,,11,A,3/25/2020 09:19,2,2,,0,2020-03-25T20:00:00Z,b3347c896528c53e2bdf120964184c1163e434aa
20200324,AR,05,218,44,947,41,,1165,1165,85,1165,22,,,,,,,A,3/24/2020 00:00,0,0,,0,2020-03-24T20:00:00Z,c8611fd0744d508b2246bcab165e6351a47de95f
20200323,AR,05,174,9,906,195,,1080,1080,204,1080,13,,,,,,,A,3/23/2020 00:00,0,0,,0,2020-03-23T20:00:00Z,330990879abf125413a04451a8fab8011edfb630
20200322,AR,05,165,47,711,144,119,995,876,191,876,13,,,,,,,,3/22/2020 13:45,0,0,,0,2020-03-22T20:00:00Z,d2ecd7eda6bcd6f59a12ec942384cf2509f48c2c
20200321,AR,05,118,22,567,216,154,839,685,238,685,,,,,,,,,3/21/2020 13:47,,0,,0,2020-03-21T20:00:00Z,9935820ee4a17cb7655da75ffd9905b0fd0ab424
20200320,AR,05,96,50,351,41,203,650,447,91,447,,,,,,,,,3/20/2020 14:19,,0,,0,2020-03-20T20:00:00Z,a9d34657a58ae654213804c435ce7d312bda1445
20200319,AR,05,46,13,310,74,113,469,356,87,356,,,,,,,,,3/19/2020 11:23,,0,,0,2020-03-19T20:00:00Z,e1e00eea007bbfa61735094a1b13d06be0db4882
20200318,AR,05,33,11,236,39,50,319,269,50,269,,,,,,,,,3/18/2020 00:00,,0,,0,2020-03-18T20:00:00Z,a51bb504d0f3af38b9d32af2586b5c8bb5db21d0
20200317,AR,05,22,0,197,65,41,260,219,65,219,,,,,,,,,3/17/2020 00:00,,0,,0,2020-03-17T20:00:00Z,bcaeeda063b35bd3b25db404380a2c907d482bca
20200316,AR,05,22,6,132,29,14,168,154,35,154,,,,,,,,,3/16/2020 15:08,,0,,0,2020-03-16T20:00:00Z,5b367bf6a8b2e2e347b07cc7b117496de2240ccb
20200315,AR,05,16,4,103,38,30,149,119,42,119,,,,,,,,,3/15/2020 00:00,,0,,0,2020-03-15T20:00:00Z,73158521ed0a152318cacd7a02011975c0b9ca18
20200314,AR,05,12,3,65,35,26,103,77,38,77,,,,,,,,,3/13/2020 00:00,,0,,0,2020-03-14T20:00:00Z,4ed7fd2d518ce5953991c73f90624ca54288ba2c
20200313,AR,05,9,3,30,6,22,61,39,9,39,,,,,,,,,3/13/2020 00:00,,0,,0,2020-03-13T20:00:00Z,874da4dfdb2e14f74b37811c09f18ea003f256e0
20200312,AR,05,6,6,24,12,20,50,30,18,30,,,,,,,,,3/11/2020 00:00,,0,,0,2020-03-12T20:00:00Z,af32a2c98c026645b720b7a626b990744ef792ff
20200311,AR,05,0,0,12,0,14,26,12,0,12,,,,,,,,,,,0,,0,2020-03-11T20:00:00Z,46c78610b27ce3a91443ceba24e12a4b1e028c1e
20200310,AR,05,0,0,12,0,3,15,12,0,12,,,,,,,,,,,0,,0,2020-03-10T20:00:00Z,342d5bd4303807072d305dd92ddc0c4ea246c847
20200309,AR,05,0,0,12,6,0,12,12,6,12,,,,,,,,,,,0,,0,2020-03-09T20:00:00Z,6ade4e977e6885c5d02aebe4cdec804961bbf514
20200308,AR,05,0,0,6,0,0,6,6,0,6,,,,,,,,,,,0,,0,2020-03-08T20:00:00Z,6f357506ef0124b96b480f3d6bc80465a224fbd6
20200307,AR,05,0,0,6,0,0,6,6,0,6,,,,,,,,,,,0,,0,2020-03-07T21:00:00Z,c37b780bd070824bf1feaec732ca3945100a8656
20200306,AR,05,0,,6,,0,6,6,,6,,,,,,,,,,,,,,2020-03-06T21:00:00Z,1cf8dd553f82de57b858b8f8d8d51e9e8a2861c3
