date,state,fips,positive,positiveIncrease,negative,negativeIncrease,pending,total,totalTestResults,totalTestResultsIncrease,posNeg,hospitalizedCurrently,hospitalizedCumulative,inIcuCurrently,inIcuCumulative,onVentilatorCurrently,onVentilatorCumulative,recovered,dataQualityGrade,lastUpdateEt,death,deathIncrease,hospitalized,hospitalizedIncrease,dateChecked,hash
20200523,MD,24,45495,1071,186832,3354,,232327,232327,4425,232327,1320,7825,524,,,,3283,,5/23/2020 10:00,2243,36,7825,191,2020-05-23T20:00:00Z,d65ce79cc2fceeb16a21fc5c0cf9e680cc6980a7
20200522,MD,24,44424,893,183478,6776,,227902,227902,7669,227902,1329,7634,506,,,,3243,,5/22/2020 10:00,2207,48,7634,149,2020-05-22T20:00:00Z,05d0cf96ca172a595803da4a0cb7471ec83ec1c7
20200521,MD,24,43531,1208,176702,3695,,220233,220233,4903,220233,1374,7485,526,,,,3099,,5/21/2020 10:00,2159,36,7485,92,2020-05-21T20:00:00Z,460a45109fe16287aa105b52c89bd714e13ab8e7
20200520,MD,24,42323,777,173007,5895,,215330,215330,6672,215330,1410,7393,539,,,,2993,,5/20/2020 10:00,2123,42,7393,194,2020-05-20T20:00:00Z,779a1aa2582be5145b09782c204cd8700e48e378
20200519,MD,24,41546,1784,167112,5368,,208658,208658,7152,208658,1421,7199,537,,,,2868,,5/19/2020 10:00,2081,58,7199,113,2020-05-19T20:00:00Z,d1643a2c131f22c8011ba25d83791c6fa03d3842
20200518,MD,24,39762,958,161744,5622,,201506,201506,6580,201506,1447,7086,555,,,,2817,,5/18/2020 10:00,2023,31,7086,93,2020-05-18T20:00:00Z,909aa689374e5f4e55ae20f4ab273284740e8ca7
20200517,MD,24,38804,836,156122,3915,,194926,194926,4751,194926,1460,6993,562,,,,2816,,5/17/2020 10:00,1992,35,6993,238,2020-05-17T20:00:00Z,cb3e9f684ba80c565e90006e09079f76af822a1f
20200516,MD,24,37968,982,152207,6367,,190175,190175,7349,190175,1500,6755,598,,,,2806,,5/16/2020 10:00,1957,46,6755,76,2020-05-16T20:00:00Z,e258c74de4f49beeecf94d318b678f0c9d048cd1
20200515,MD,24,36986,1083,145840,3289,,182826,182826,4372,182826,1496,6679,598,,,,2685,,5/15/2020 10:00,1911,45,6679,126,2020-05-15T20:00:00Z,a05a533e7d2c7d70d72a9a026cfffd3cf28fffda
20200514,MD,24,35903,1091,142551,3789,,178454,178454,4880,178454,1538,6553,569,,,,2569,,5/14/2020 10:00,1866,57,6553,149,2020-05-14T20:00:00Z,ab9cf732bc9c3ded461bcabea84f1acfa1944060
20200513,MD,24,34812,751,138762,3320,,173574,173574,4071,173574,1550,6404,572,,,,2456,,5/13/2020 10:00,1809,53,6404,117,2020-05-13T20:00:00Z,fbc2053c5594b275b9efdcf15f7ac584860ba8f1
20200512,MD,24,34061,688,135442,4035,,169503,169503,4723,169503,1563,6287,590,,,,2394,,5/12/2020 10:00,1756,73,6287,104,2020-05-12T20:00:00Z,d19a36f9e64cb148b86742c5b63c321207fb080f
20200511,MD,24,33373,786,131407,4063,,164780,164780,4849,164780,1544,6183,585,,,,2298,,5/11/2020 10:00,1683,39,6183,228,2020-05-11T20:00:00Z,35f2cc895503edb62ca8a9b88cadb391e03ae870
20200510,MD,24,32587,1053,127344,2850,,159931,159931,3903,159931,1640,5955,611,,,,2293,,5/10/2020 10:00,1644,30,5955,23,2020-05-10T20:00:00Z,5a8003d32c669eccbd833825b18052df36dd1763
20200509,MD,24,31534,1049,124494,2792,,156028,156028,3841,156028,1665,5932,575,,,,2159,,5/9/2020 10:00,1614,54,5932,121,2020-05-09T20:00:00Z,dfe0fb060d27d0876c15bfd2d2461ee80ffc5cbb
20200508,MD,24,30485,1111,121702,2476,,152187,152187,3587,152187,1674,5811,571,,,,2041,A,5/8/2020 10:00,1560,57,5811,148,2020-05-08T20:00:00Z,0af2c9642442fd13a76dea9d2764a3d83a32a964
20200507,MD,24,29374,1211,119226,3377,,148600,148600,4588,148600,1683,5663,584,,,,2029,A,5/7/2020 10:00,1503,66,5663,166,2020-05-07T20:00:00Z,7549a7257bd3ddd2a492d17d1cb4ceee516677a1
20200506,MD,24,28163,1046,115849,2863,,144012,144012,3909,144012,1707,5497,584,,,,1903,A,5/6/2020 10:00,1437,47,5497,160,2020-05-06T20:00:00Z,40813951a57b196b89524a3cbcba7c93773ab806
20200505,MD,24,27117,709,112986,2399,,140103,140103,3108,140103,1693,5337,573,,,,1810,A,5/5/2020 10:00,1390,73,5337,138,2020-05-05T20:00:00Z,e3e6f46b95fffff75f8957cddb71aa2d3c5e84e5
20200504,MD,24,26408,946,110587,3255,,136995,136995,4201,136995,1649,5199,563,,,,1695,A,5/4/2020 10:00,1317,36,5199,148,2020-05-04T20:00:00Z,31656d4eeb33775873f640ce6445e23349c686af
20200503,MD,24,25462,989,107332,6283,,132794,132794,7272,132794,1635,5051,565,,,,1666,A,5/3/2020 10:00,1281,30,5051,141,2020-05-03T20:00:00Z,4dbd9a1e0c5eba7fea9594c572097bdc5bd1a783
20200502,MD,24,24473,1001,101049,3538,,125522,125522,4539,125522,1657,4910,566,,,,1590,A,5/2/2020 10:00,1251,59,4910,192,2020-05-02T20:00:00Z,72503e4573557ad39b603ea654f232f91621840e
20200501,MD,24,23472,1730,97511,4894,,120983,120983,6624,120983,1668,4718,568,,,,1517,A,5/1/2020 10:00,1192,52,4718,159,2020-05-01T20:00:00Z,03205d6297c9af99268c91bdd5f2460187330be2
20200430,MD,24,21742,893,92617,2537,,114359,114359,3430,114359,1711,4559,590,,,,1432,A,4/30/2020 10:00,1140,62,4559,157,2020-04-30T20:00:00Z,3cd15105255bbd79dd58cbbc2fc4c47304a92e8c
20200429,MD,24,20849,736,90080,2408,,110929,110929,3144,110929,1610,4402,586,,,,1361,A,4/29/2020 10:00,1078,62,4402,134,2020-04-29T20:00:00Z,c1d764f91a305a7d1981836e36b67fe6dd1f7b62
20200428,MD,24,20113,626,87672,2183,,107785,107785,2809,107785,1528,4268,551,,,,1295,A,4/28/2020 10:00,1016,71,4268,167,2020-04-28T20:00:00Z,888e349691a403b8934efbdc5581318829ebd185
20200427,MD,24,19487,906,85489,7405,,104976,104976,8311,104976,1513,4101,535,,,,1263,A,4/27/2020 10:00,945,35,4101,139,2020-04-27T20:00:00Z,d82a48c7f6695c60d3ed34b8e7e988c8215c9610
20200426,MD,24,18581,815,78084,6727,,96665,96665,7542,96665,1463,3962,530,,,,1177,A,4/26/2020 10:00,910,35,3962,202,2020-04-26T20:00:00Z,4cbb29c0d6a715f61b170bc0b22389db9ad84a94
20200425,MD,24,17766,1150,71357,3257,,89123,89123,4407,89123,1408,3760,538,,,,1165,A,4/25/2020 10:00,875,77,3760,142,2020-04-25T20:00:00Z,07657f8d9514c7eefeb864190e3aaca970635ccf
20200424,MD,24,16616,879,68100,3737,,84716,84716,4616,84716,1425,3618,547,,,,1108,A,4/24/2020 10:00,798,50,3618,141,2020-04-24T20:00:00Z,6d577a1663c4b0e4f0a13e00c46cd2fc48d79c0b
20200423,MD,24,15737,962,64363,2609,,80100,80100,3571,80100,1405,3477,515,,,,1040,A,4/23/2020 10:00,748,50,3477,152,2020-04-23T20:00:00Z,ea52967be57dc731e26fcf6b5f69022ce91c7dc1
20200422,MD,24,14775,582,61754,2312,,76529,76529,2894,76529,1432,3325,527,,,,981,A,4/21/2020 10:00,698,46,3325,167,2020-04-22T20:00:00Z,9441f506748fee01f71e52475003e047b7e4e631
20200421,MD,24,14193,509,59442,1729,,73635,73635,2238,73635,1433,3158,526,,,,930,A,4/21/2020 10:00,652,70,3158,144,2020-04-21T20:00:00Z,61423e6b8039a8423f3452fc06e29f3c28e3895c
20200420,MD,24,13684,854,57713,2652,,71397,71397,3506,71397,,3014,,,,,917,A,4/20/2020 10:00,582,34,3014,128,2020-04-20T20:00:00Z,0aa807fd71cacd0ce3b78534c8d1ad95ec27b836
20200419,MD,24,12830,522,55061,1999,,67891,67891,2521,67891,,2886,,,,,914,A,4/19/2020 10:00,548,14,2886,129,2020-04-19T20:00:00Z,fb94a2343fd2d6eacc9be374203e5aa9a4daf3df
20200418,MD,24,12308,736,53062,2625,,65370,65370,3361,65370,,2757,,,,,771,A,4/18/2020 10:00,534,40,2757,145,2020-04-18T20:00:00Z,21cdbb1835f423162603421379fcd0fbdea67a88
20200417,MD,24,11572,788,50437,2378,,62009,62009,3166,62009,,2612,,,,,736,A,4/17/2020 10:00,494,35,2612,161,2020-04-17T20:00:00Z,6ad73402d722825e065a32dd8f6aea9cea5e0553
20200416,MD,24,10784,752,48059,2328,,58843,58843,3080,58843,,2451,,,,,736,A,4/16/2020 10:00,459,46,2451,220,2020-04-16T20:00:00Z,d74c9f445ef25db74e3ef07a0cdf2b7478a4b62e
20200415,MD,24,10032,560,45731,1470,,55763,55763,2030,55763,,2231,,,,,607,A,4/15/2020 10:00,413,111,2231,109,2020-04-15T20:00:00Z,1eb2ea9f5a9497cea995e7da818508476ca36544
20200414,MD,24,9472,536,44261,1446,,53733,53733,1982,53733,,2122,,,,,607,A,4/14/2020 10:00,302,40,2122,147,2020-04-14T20:00:00Z,ddfe8c472e545a7d3f1cc73ec409b92fb02403ac
20200413,MD,24,8936,711,42815,1276,,51751,51751,1987,51751,,1975,,,,,603,A,4/13/2020 10:00,262,27,1975,115,2020-04-13T20:00:00Z,d5a521a4ea92edb894bf054b190406ece8e6ad9b
20200412,MD,24,8225,531,41539,1995,,49764,49764,2526,49764,,1860,,,,,456,A,4/12/2020 10:00,235,29,1860,151,2020-04-12T20:00:00Z,3a98bfd747ac1dd910caee784d4ba4e8677c93bf
20200411,MD,24,7694,726,39544,2064,,47238,47238,2790,47238,,1709,,,,,431,A,4/11/2020 10:00,206,35,1709,296,2020-04-11T20:00:00Z,bf4f5ddce0f3d80ae61436bb0e2f79790414088e
20200410,MD,24,6968,783,37480,2136,,44448,44448,2919,44448,,1413,,,,,397,A,4/10/2020 10:00,171,33,1413,65,2020-04-10T20:00:00Z,54d4a16962ca737b247754d86aae68390efb96f5
20200409,MD,24,6185,656,35344,2411,,41529,41529,3067,41529,,1348,,,,,376,A,4/9/2020 10:00,138,14,1348,138,2020-04-09T20:00:00Z,c3c86348b87385e09d5d493ed837191a1ffc0445
20200408,MD,24,5529,1158,32933,5677,,38462,38462,6835,38462,,1210,,,,,365,A,4/8/2020 10:00,124,21,1210,104,2020-04-08T20:00:00Z,f4e70a309a7ffda5a6f7a009ae3b26af3fb99bdc
20200407,MD,24,4371,326,27256,1684,,31627,31627,2010,31627,,1106,,,,,288,A,4/7/2020 10:00,103,12,1106,47,2020-04-07T20:00:00Z,671a179de1ed062d9cdf018b426ebf5af95b93d4
20200406,MD,24,4045,436,25572,844,,29617,29617,1280,29617,,1059,,,,,184,A,4/6/2020 10:00,91,24,1059,123,2020-04-06T20:00:00Z,8bc617d68032c833e8c2c7a66c96ed3bb55c042b
20200405,MD,24,3609,484,24728,2243,,28337,28337,2727,28337,,936,,,,,159,A,4/5/2020 10:00,67,14,936,115,2020-04-05T20:00:00Z,6c4d16f9c68833b5f4c158a7d9e83355d7faeb7d
20200404,MD,24,3125,367,22485,1553,,25610,25610,1920,25610,,821,,,,,159,A,4/4/2020 10:00,53,11,821,157,2020-04-04T20:00:00Z,8e5b27f565a712511e3d095d05b190ae1d8b45a1
20200403,MD,24,2758,427,20932,2042,,23690,23690,2469,23690,,664,,,,,159,A,4/3/2020 10:00,42,6,664,82,2020-04-03T20:00:00Z,2163ae93368d3194a4418b50f2fa99cbe50f85dc
20200402,MD,24,2331,346,18890,1657,,21221,21221,2003,21221,,582,,,,,81,A,4/2/2020 10:00,36,5,582,60,2020-04-02T20:00:00Z,75c2ee189aed9f17c2af3dc099915044c1a6d2dd
20200401,MD,24,1985,325,17233,2365,,19218,19218,2690,19218,,522,,,,,,A,4/1/2020 10:00,31,13,522,93,2020-04-01T20:00:00Z,19f5740fbcfb900d8433a2d69d2e4a1bcd93155a
20200331,MD,24,1660,247,14868,1552,,16528,16528,1799,16528,,429,,,,,,A,3/31/2020 10:00,18,3,429,76,2020-03-31T20:00:00Z,dc2bdea5c22688a95461b102047275a1acff23dc
20200330,MD,24,1413,174,13316,962,,14729,14729,1136,14729,,353,,,,,,A,3/30/2020 10:00,15,5,353,76,2020-03-30T20:00:00Z,1332ed1318dc6a278665cf83190c840b16c65559
20200329,MD,24,1239,247,12354,838,,13593,13593,1085,13593,,277,,,,,,D,3/29/2020 10:00,10,5,277,51,2020-03-29T20:00:00Z,45c216d755658e86f29a536d3c03dd9f129590f1
20200328,MD,24,992,218,11516,11422,,12508,12508,11640,12508,,226,,,,,,D,3/28/2020 10:00,5,0,226,53,2020-03-28T20:00:00Z,8d44fe8e7bde3b8483ede4fa26635018e728fc6e
20200327,MD,24,774,194,94,0,,868,868,194,868,,173,,,,,25,D,3/27/2020 10:00,5,1,173,41,2020-03-27T20:00:00Z,81456a36049f92fab4a34847c2b3debf8d939bfe
20200326,MD,24,580,157,94,0,,674,674,157,674,,132,,,,,,D,3/26/2020 10:00,4,0,132,132,2020-03-26T20:00:00Z,3538241c3d6adfde299e54ea9ce81de58c28ebc4
20200325,MD,24,423,74,94,0,,517,517,74,517,,,,,,,,D,3/25/2020 10:00,4,1,,0,2020-03-25T20:00:00Z,c40a2e277626633a56a8f9e644954fc9f0bdbba5
20200324,MD,24,349,61,94,0,,443,443,61,443,,,,,,,,D,3/24/2020 10:00,3,0,,0,2020-03-24T20:00:00Z,4f32605c07c50cd2f11a976f5f6128a287440f86
20200323,MD,24,288,44,94,0,,382,382,44,382,,,,,,,,D,3/23/2020 10:00,3,0,,0,2020-03-23T20:00:00Z,b940d001ef4945c1be9db25f62acc9a6c58fec99
20200322,MD,24,244,54,94,0,,338,338,54,338,,,,,,,,,3/22/2020 10:00,3,1,,0,2020-03-22T20:00:00Z,17dbfcf422c61fe5966eb67bb3f58dc568c78fb4
20200321,MD,24,190,41,94,0,,284,284,41,284,,,,,,,,,3/21/2020 10:00,2,1,,0,2020-03-21T20:00:00Z,2731faf379db9033695573255a5f0a12a16dde63
20200320,MD,24,149,42,94,0,,243,243,42,243,,,,,,,,,3/20/2020 10:00,1,0,,0,2020-03-20T20:00:00Z,3badbf54dd3720e0a8b39a790488c9de5cebf2b0
20200319,MD,24,107,22,94,0,,201,201,22,201,,,,,,,,,3/19/2020 10:00,1,1,,0,2020-03-19T20:00:00Z,8868752c317d665cf182b027c8aa2e73d9814394
20200318,MD,24,85,28,94,0,,179,179,28,179,,,,,,,,,3/18/2020 10:00,,0,,0,2020-03-18T20:00:00Z,925da06f23f867eba637510270011b0c0c69d298
20200317,MD,24,57,20,94,0,,151,151,20,151,,,,,,,,,3/17/2020 10:00,,0,,0,2020-03-17T20:00:00Z,1228a1366a3c94450c35be3110acd036b6ce1b9f
20200316,MD,24,37,6,94,0,,131,131,6,131,,,,,,,,,3/16/2020 15:49,,0,,0,2020-03-16T20:00:00Z,7092bc98a416278afd3fc178faf019dbb7ed6a6a
20200315,MD,24,31,5,94,0,,125,125,5,125,,,,,,,,,3/15/2020 00:00,,0,,0,2020-03-15T20:00:00Z,4cd077910ba05b50fb2ee1fdcdef110b4dc247d0
20200314,MD,24,26,9,94,0,,120,120,9,120,,,,,,,,,3/14/2020 00:00,,0,,0,2020-03-14T20:00:00Z,e514d6f189308a6068b4c4085765ab74af3997da
20200313,MD,24,17,5,94,0,,111,111,5,111,,,,,,,,,3/13/2020 00:00,,0,,0,2020-03-13T20:00:00Z,0e5b9282ba90739a4838e1f594f6ca5b8cfd5f0d
20200312,MD,24,12,3,94,0,,106,106,3,106,,,,,,,,,3/12/2020 00:00,,0,,0,2020-03-12T20:00:00Z,0b2265a72cf63d0fb16b6cf2b614f6466f417522
20200311,MD,24,9,3,94,5,,103,103,8,103,,,,,,,,,,,0,,0,2020-03-11T20:00:00Z,fff1f426d55abb311bd1c485da743cb25aa40c6f
20200310,MD,24,6,1,89,16,,95,95,17,95,,,,,,,,,,,0,,0,2020-03-10T20:00:00Z,7029999693559b043be783ea16d35a755d0b5781
20200309,MD,24,5,2,73,21,,78,78,23,78,,,,,,,,,,,0,,0,2020-03-09T20:00:00Z,d78220e9c679bf054eee941716d06b463eddfb50
20200308,MD,24,3,0,52,11,,55,55,11,55,,,,,,,,,,,0,,0,2020-03-08T20:00:00Z,7e8fb98f0193cc8395641bd684fbc223c28798e8
20200307,MD,24,3,0,41,15,,44,44,15,44,,,,,,,,,,,0,,0,2020-03-07T21:00:00Z,26b711aa9beacbae59ca86e6213761450bc8a7b2
20200306,MD,24,3,3,26,9,12,41,29,12,29,,,,,,,,,,,0,,0,2020-03-06T21:00:00Z,163998eda30028a319ad73493e35c20f073205cd
20200305,MD,24,0,,17,,14,31,17,,17,,,,,,,,,,,,,,2020-03-05T21:00:00Z,5ab4d7cc0e49211bcb50c3e23bd4bc910e905818
