date,state,positive,negative,pending,hospitalizedCurrently,hospitalizedCumulative,inIcuCurrently,inIcuCumulative,onVentilatorCurrently,onVentilatorCumulative,recovered,dataQualityGrade,lastUpdateEt,dateModified,checkTimeEt,death,hospitalized,dateChecked,fips,positiveIncrease,negativeIncrease,total,totalTestResults,totalTestResultsIncrease,posNeg,deathIncrease,hospitalizedIncrease,hash,commercialScore,negativeRegularScore,negativeScore,positiveScore,score,grade
20200526,UT,8620,189972,,134,696,,217,,89,5346,B,5/26/2020 10:19,2020-05-26T10:19:00Z,05/26 06:19,101,696,2020-05-26T00:00:00Z,49,99,2025,198592,198592,2124,198592,3,4,6d6d66ec503ec6c0af3815ba530bf5fe33cbadca,0,0,0,0,0,
20200525,UT,8521,187947,,131,692,,215,,88,5218,B,5/25/2020 10:15,2020-05-25T10:15:00Z,05/25 06:15,98,692,2020-05-26T00:00:00Z,49,129,1906,196468,196468,2035,196468,1,4,7a6d2909a6b723d585184eaa531591a806eb8309,0,0,0,0,0,
20200524,UT,8392,186041,,128,688,,215,,88,5081,B,5/24/2020 10:39,2020-05-24T10:39:00Z,05/24 06:39,97,688,2020-05-26T00:00:00Z,49,132,3522,194433,194433,3654,194433,0,-365,413aedf9ba8d71b451c15e619aa1b2ebd7c0b805,0,0,0,0,0,
20200523,UT,8260,182519,,165,1053,,213,,88,4898,B,5/23/2020 11:28,2020-05-23T11:28:00Z,05/23 07:28,97,1053,2020-05-26T00:00:00Z,49,203,3742,190779,190779,3945,190779,4,17,79f680a6fb35ad03ea1d761d9266155e46cb63c3,0,0,0,0,0,
20200522,UT,8057,178777,,163,1036,,210,,88,4748,B,5/22/2020 15:00,2020-05-22T15:00:00Z,05/22 11:00,93,1036,2020-05-26T00:00:00Z,49,183,3777,186834,186834,3960,186834,1,389,1fb311c5230dffe97ddac24f8491ed79d613f990,0,0,0,0,0,
20200521,UT,7874,175000,,169,647,,207,,88,4596,B,5/21/2020 10:45,2020-05-21T10:45:00Z,05/21 06:45,92,647,2020-05-26T00:00:00Z,49,164,3046,182874,182874,3210,182874,2,16,514582cf1b2d08a6c9e9e3f977fb5f5b3d384af6,0,0,0,0,0,
20200520,UT,7710,171954,,144,631,,200,,87,4423,B,5/20/2020 10:15,2020-05-20T10:15:00Z,05/20 06:15,90,631,2020-05-26T00:00:00Z,49,326,5316,179664,179664,5642,179664,10,36,b890b90757bee8a6396c13d0e9d8baaa059d9ec2,0,0,0,0,0,
20200519,UT,7384,166638,,179,595,,197,,84,4183,B,5/18/2020 10:29,2020-05-18T10:29:00Z,05/18 06:29,80,595,2020-05-26T00:00:00Z,49,0,0,174022,174022,0,174022,0,0,de3ec881f37cdcbb4baf9a2b1fdf8ed5aefc4f89,0,0,0,0,0,
20200518,UT,7384,166638,,179,595,,197,,84,4183,B,5/18/2020 10:29,2020-05-18T10:29:00Z,05/18 06:29,80,595,2020-05-26T00:00:00Z,49,146,3124,174022,174022,3270,174022,0,9,18e5428a3706097a02c175f03a2ffd97505b2524,0,0,0,0,0,
20200517,UT,7238,163514,,181,586,,196,,84,4075,B,5/17/2020 12:04,2020-05-17T12:04:00Z,05/17 08:04,80,586,2020-05-26T00:00:00Z,49,170,3808,170752,170752,3978,170752,2,8,67c195026925ca33e2b6e04e80411c5889d19ad0,0,0,0,0,0,
20200516,UT,7068,159706,,168,578,,194,,84,3896,B,5/16/2020 10:21,2020-05-16T10:21:00Z,05/16 06:21,78,578,2020-05-26T00:00:00Z,49,155,3401,166774,166774,3556,166774,1,12,3876b02e7d922c2e1cfd38bdeeb3bb85ffb85939,0,0,0,0,0,
20200515,UT,6913,156305,,161,566,,190,,83,3719,B,5/15/2020 10:27,2020-05-15T10:27:00Z,05/15 06:27,77,566,2020-05-26T00:00:00Z,49,164,2935,163218,163218,3099,163218,2,8,71a793872c6ba9af01585474ee597d5b38f94881,0,0,0,0,0,
20200514,UT,6749,153370,,142,558,,187,,83,3566,B,5/14/2020 10:07,2020-05-14T10:07:00Z,05/14 06:07,75,558,2020-05-26T00:00:00Z,49,129,3204,160119,160119,3333,160119,0,5,2a7fcdf8d9254caf19ab2f7fe93ddc6b79ab0b41,0,0,0,0,0,
20200513,UT,6620,150166,,158,553,,182,,81,3406,B,5/13/2020 15:00,2020-05-13T15:00:00Z,05/13 11:00,75,553,2020-05-26T00:00:00Z,49,188,3113,156786,156786,3301,156786,2,18,a77d7488edba487ff88f0f0fed44a487ba78c94b,0,0,0,0,0,
20200512,UT,6432,147053,,166,535,,178,,80,3267,B,5/12/2020 15:00,2020-05-12T15:00:00Z,05/12 11:00,73,535,2020-05-26T00:00:00Z,49,70,2830,153485,153485,2900,153485,5,18,df42a241f8b5c8e19e3c2ed53aac5df0383da645,0,0,0,0,0,
20200511,UT,6362,144223,,160,517,,169,,76,3181,B,5/11/2020 15:00,2020-05-11T15:00:00Z,05/11 11:00,68,517,2020-05-26T00:00:00Z,49,111,3964,150585,150585,4075,150585,1,5,de948841284e8cd8fd1c9181e640889658322df2,0,0,0,0,0,
20200510,UT,6251,140259,,144,512,,168,,76,3033,B,5/10/2020 10:31,2020-05-10T10:31:00Z,05/10 06:31,67,512,2020-05-26T00:00:00Z,49,148,3068,146510,146510,3216,146510,1,14,603bdd834e96c78bc80ff9021a82a86c777acd76,0,0,0,0,0,
20200509,UT,6103,137191,,172,498,,166,,75,2901,B,5/9/2020 10:32,2020-05-09T10:32:00Z,05/09 06:32,66,498,2020-05-26T00:00:00Z,49,184,4422,143294,143294,4606,143294,5,10,579134612369b09db291cd149473169de215191a,0,0,0,0,0,
20200508,UT,5919,132769,,216,488,,162,,73,2769,B,5/8/2020 15:00,2020-05-08T15:00:00Z,05/08 11:00,61,488,2020-05-26T00:00:00Z,49,195,3950,138688,138688,4145,138688,0,12,2c1244d29f587a3e627591bcd2bc49518ef5141d,0,0,0,0,0,
20200507,UT,5724,128819,,194,476,,159,,73,2640,B,5/7/2020 15:00,2020-05-07T15:00:00Z,05/07 11:00,61,476,2020-05-26T00:00:00Z,49,129,3412,134543,134543,3541,134543,3,12,e9736b341a1cff47aac6b85358ff10b03dda5d22,0,0,0,0,0,
20200506,UT,5595,125407,,,464,,,,,2509,C,5/6/2020 15:00,2020-05-06T15:00:00Z,05/06 11:00,58,464,2020-05-26T00:00:00Z,49,146,4141,131002,131002,4287,131002,2,8,725eb22f4d174d8536851247e3a15133e99a589a,0,0,0,0,0,
20200505,UT,5449,121266,,,456,,,,,2387,C,5/5/2020 15:00,2020-05-05T15:00:00Z,05/05 11:00,56,456,2020-05-26T00:00:00Z,49,132,1922,126715,126715,2054,126715,6,15,00f993546f6fbb7b4e074026aa3d81ac682fe6cb,0,0,0,0,0,
20200504,UT,5317,119344,,,441,,,,,2342,C,5/3/2020 15:00,2020-05-03T15:00:00Z,05/03 11:00,50,441,2020-05-26T00:00:00Z,49,142,2417,124661,124661,2559,124661,0,5,586c2ad02e839a594925f2f431d5d2544d94093a,0,0,0,0,0,
20200503,UT,5175,116927,,,436,,,,,2238,C,5/3/2020 15:00,2020-05-03T15:00:00Z,05/03 11:00,50,436,2020-05-26T00:00:00Z,49,194,4104,122102,122102,4298,122102,1,18,f53eef8e73cec2f18689ca99ef453593d53e510d,0,0,0,0,0,
20200502,UT,4981,112823,,,418,,,,,2185,C,5/2/2020 00:00,2020-05-02T00:00:00Z,05/01 20:00,49,418,2020-05-26T00:00:00Z,49,153,5093,117804,117804,5246,117804,3,15,6fe1dc127e238f594a1626104d459a2c4476ce90,0,0,0,0,0,
20200501,UT,4828,107730,,,403,,,,,2062,C,5/1/2020 15:00,2020-05-01T15:00:00Z,05/01 11:00,46,403,2020-05-26T00:00:00Z,49,156,3901,112558,112558,4057,112558,0,13,d96a5b547dba24e36514efbca1eab23c2d0c6e66,0,0,0,0,0,
20200430,UT,4672,103829,,,390,,,,,1939,C,4/30/2020 15:00,2020-04-30T15:00:00Z,04/30 11:00,46,390,2020-05-26T00:00:00Z,49,177,2546,108501,108501,2723,108501,1,7,0b88388905f7efb67867a0efefe572041e5a5932,0,0,0,0,0,
20200429,UT,4495,101283,,,383,,,,,1790,C,4/29/2020 15:00,2020-04-29T15:00:00Z,04/29 11:00,45,383,2020-05-26T00:00:00Z,49,152,3187,105778,105778,3339,105778,0,13,6334adf8bde97d06216d1ffd9cc66df6adb92ec4,0,0,0,0,0,
20200428,UT,4343,98096,,,370,,,,,1704,C,4/28/2020 15:00,2020-04-28T15:00:00Z,04/28 11:00,45,370,2020-05-26T00:00:00Z,49,110,2134,102439,102439,2244,102439,4,21,17298d611aa157b42ec9530054b136ba92ed5097,0,0,0,0,0,
20200427,UT,4233,95962,,,349,,,,,1641,C,4/27/2020 15:00,2020-04-27T15:00:00Z,04/27 11:00,41,349,2020-05-26T00:00:00Z,49,110,4383,100195,100195,4493,100195,0,4,30b4ba857e3c5639ef56ec124ad67922532cd38b,0,0,0,0,0,
20200426,UT,4123,91579,,,345,,,,,1568,C,4/26/2020 15:00,2020-04-26T15:00:00Z,04/26 11:00,41,345,2020-05-26T00:00:00Z,49,175,5321,95702,95702,5496,95702,0,16,3af5861df40e5e594e1b0a762eeb0c947e0f6bd4,0,0,0,0,0,
20200425,UT,3948,86258,,,329,,,,,1399,C,4/25/2020 15:00,2020-04-25T15:00:00Z,04/25 11:00,41,329,2020-05-26T00:00:00Z,49,166,5343,90206,90206,5509,90206,2,14,a7485721d0d8b0f8bb19a963627ea8e3d39319b5,0,0,0,0,0,
20200424,UT,3782,80915,,,315,,,,,1252,A,4/24/2020 15:00,2020-04-24T15:00:00Z,04/24 11:00,39,315,2020-05-26T00:00:00Z,49,170,3900,84697,84697,4070,84697,4,14,f3cc081061aedce1f65eb3080b8a902e80150c77,0,0,0,0,0,
20200423,UT,3612,77015,,,301,,,,,1050,A,4/23/2020 15:00,2020-04-23T15:00:00Z,04/23 11:00,35,301,2020-05-26T00:00:00Z,49,167,4000,80627,80627,4167,80627,1,13,31f8ebba54a7da7494401de894232e1494b272ee,0,0,0,0,0,
20200422,UT,3445,73015,,,288,,,,,970,A,4/22/2020 15:00,2020-04-22T15:00:00Z,04/22 11:00,34,288,2020-05-26T00:00:00Z,49,149,3953,76460,76460,4102,76460,2,11,bdf77889240a8b83b83965755e19ee38b8eca854,0,0,0,0,0,
20200421,UT,3296,69062,,,277,,,,,888,A,4/21/2020 15:00,2020-04-21T15:00:00Z,04/21 11:00,32,277,2020-05-26T00:00:00Z,49,83,3964,72358,72358,4047,72358,4,9,175e602e6a9c50ce348c25bcf6014fbeb71ad1db,0,0,0,0,0,
20200420,UT,3213,65098,,,268,,,,,776,A,4/20/2020 15:00,2020-04-20T15:00:00Z,04/20 11:00,28,268,2020-05-26T00:00:00Z,49,144,4612,68311,68311,4756,68311,1,9,4930ac92038ce51f426d99d0b90bf8d727cbf8e4,0,0,0,0,0,
20200419,UT,3069,60486,,,259,,,,,679,A,4/19/2020 15:00,2020-04-19T15:00:00Z,04/19 11:00,27,259,2020-05-26T00:00:00Z,49,138,3473,63555,63555,3611,63555,2,8,a0dfc5c97161171d9386c70ffa1645a6902740d3,0,0,0,0,0,
20200418,UT,2931,57013,,,251,,,,,565,A,4/18/2020 15:00,2020-04-18T15:00:00Z,04/18 11:00,25,251,2020-05-26T00:00:00Z,49,126,4047,59944,59944,4173,59944,2,7,e7ee0d02a1d492cac06b11b58f2c9bdb78013ae7,0,0,0,0,0,
20200417,UT,2805,52966,,,244,,,,,443,A,4/17/2020 15:00,2020-04-17T15:00:00Z,04/17 11:00,23,244,2020-05-26T00:00:00Z,49,122,5971,55771,55771,6093,55771,2,6,698c75641871a4a287593aa9afbb18ac7b1970ab,0,0,0,0,0,
20200416,UT,2683,46995,,,238,,,,,357,A,4/16/2020 15:00,2020-04-16T15:00:00Z,04/16 11:00,21,238,2020-05-26T00:00:00Z,49,141,1923,49678,49678,2064,49678,1,17,96cae48e7b07545fa956bc7adaf5249688b8a152,0,0,0,0,0,
20200415,UT,2542,45072,,,221,,,,,218,A,4/15/2020 15:00,2020-04-15T15:00:00Z,04/15 11:00,20,221,2020-05-26T00:00:00Z,49,130,1008,47614,47614,1138,47614,1,8,d9cea16e0625f40ce2e907baed9ae6beca678236,0,0,0,0,0,
20200414,UT,2412,44064,,,213,,,,,218,A,4/14/2020 15:00,2020-04-14T15:00:00Z,04/14 11:00,19,213,2020-05-26T00:00:00Z,49,49,640,46476,46476,689,46476,1,12,d711ce3ea14a12e854e3dbf176969b27b40cb532,0,0,0,0,0,
20200413,UT,2363,43424,,,201,,,,,218,A,4/13/2020 15:00,2020-04-13T15:00:00Z,04/13 11:00,18,201,2020-05-26T00:00:00Z,49,60,1493,45787,45787,1553,45787,0,6,994b4812e7698d6f44d77fe6e54a0afbbba7ff6b,0,0,0,0,0,
20200412,UT,2303,41931,,,195,,,,,,A,4/12/2020 15:00,2020-04-12T15:00:00Z,04/12 11:00,18,195,2020-05-26T00:00:00Z,49,97,1591,44234,44234,1688,44234,0,5,31a6e121b25dd47be7882cdf01c3e7052f088b93,0,0,0,0,0,
20200411,UT,2206,40340,,,190,,,,,,A,4/11/2020 15:00,2020-04-11T15:00:00Z,04/11 11:00,18,190,2020-05-26T00:00:00Z,49,104,1680,42546,42546,1784,42546,1,7,ceba252524c4e2f9ff5c779433c02189a27f86cc,0,0,0,0,0,
20200410,UT,2102,38660,,,183,,,,,,A,4/10/2020 15:00,2020-04-10T15:00:00Z,04/10 11:00,17,183,2020-05-26T00:00:00Z,49,126,2263,40762,40762,2389,40762,4,15,a2bc385d3bf6d7458e6230fc9314c17ee0bcb78e,0,0,0,0,0,
20200409,UT,1976,36397,,,168,,,,,,A,4/9/2020 15:00,2020-04-09T15:00:00Z,04/09 11:00,13,168,2020-05-26T00:00:00Z,49,130,2127,38373,38373,2257,38373,0,10,739e779b4f4d4f3984e6d99ab7cb2590b76b6759,0,0,0,0,0,
20200408,UT,1846,34270,,,158,,,,,,A,4/8/2020 15:00,2020-04-08T15:00:00Z,04/08 11:00,13,158,2020-05-26T00:00:00Z,49,108,1361,36116,36116,1469,36116,0,10,e20fb06381e8d5079e47f921017b9bbe8bf3bae5,0,0,0,0,0,
20200407,UT,1738,32909,,,148,,,,,,A,4/7/2020 15:00,2020-04-07T15:00:00Z,04/07 11:00,13,148,2020-05-26T00:00:00Z,49,63,1190,34647,34647,1253,34647,0,10,fb500aba0819a2d7684542f5d900eaa9056ec31f,0,0,0,0,0,
20200406,UT,1675,31719,,,138,,,,,,A,4/5/2020 15:00,2020-04-05T15:00:00Z,04/05 11:00,13,138,2020-05-26T00:00:00Z,49,70,2432,33394,33394,2502,33394,5,14,8a256de37ec0b3a34a1228f1868d69fc9c856733,0,0,0,0,0,
20200405,UT,1605,29287,,,124,,,,,,A,4/5/2020 15:00,2020-04-05T15:00:00Z,04/05 11:00,8,124,2020-05-26T00:00:00Z,49,177,2672,30892,30892,2849,30892,0,7,bf5bc1760f6bd7328300baaf43032926f23f9096,0,0,0,0,0,
20200404,UT,1428,26615,,,117,,,,,,A,4/4/2020 15:00,2020-04-04T15:00:00Z,04/04 11:00,8,117,2020-05-26T00:00:00Z,49,182,3613,28043,28043,3795,28043,1,11,6c865149efe641ae65ab8034e18a2896c46547f7,0,0,0,0,0,
20200403,UT,1246,23002,,,106,,,,,,A,4/3/2020 15:00,2020-04-03T15:00:00Z,04/03 11:00,7,106,2020-05-26T00:00:00Z,49,172,2847,24248,24248,3019,24248,0,6,1564a05cd1a59bcf418faa0ffa413144c44b4160,0,0,0,0,0,
20200402,UT,1074,20155,,,100,,,,,,A,4/2/2020 15:00,2020-04-02T15:00:00Z,04/02 11:00,7,100,2020-05-26T00:00:00Z,49,62,0,21229,21229,62,21229,0,9,b972dfdc9320e0a52ed6cb224b7086f36fc0a761,0,0,0,0,0,
20200401,UT,1012,20155,,,91,,,,,,A,4/1/2020 15:00,2020-04-01T15:00:00Z,04/01 11:00,7,91,2020-05-26T00:00:00Z,49,125,2529,21167,21167,2654,21167,2,18,27138d236204d8b11d49d2737d8d12c6e99b7445,0,0,0,0,0,
20200331,UT,887,17626,,,73,,,,,,A,3/31/2020 15:00,2020-03-31T15:00:00Z,03/31 11:00,5,73,2020-05-26T00:00:00Z,49,81,2429,18513,18513,2510,18513,1,73,f5db6fb4cf5b5b276311fab4fa726be7f85c0ae3,0,0,0,0,0,
20200330,UT,806,15197,,,,,,,,,A,3/30/2020 15:00,2020-03-30T15:00:00Z,03/30 11:00,4,,2020-05-26T00:00:00Z,49,87,1923,16003,16003,2010,16003,2,0,707ebe1b0c5617ddaea76e31e91f448d27e8005e,0,0,0,0,0,
20200329,UT,719,13274,,,,,,,,,A,3/29/2020 15:00,2020-03-29T15:00:00Z,03/29 11:00,2,,2020-05-26T00:00:00Z,49,117,2564,13993,13993,2681,13993,0,0,a61842047ec3ad9cafb922cc6f21af492ed1eac3,0,0,0,0,0,
20200328,UT,602,10710,,,,,,,,,A,3/28/2020 15:00,2020-03-28T15:00:00Z,03/28 11:00,2,,2020-05-26T00:00:00Z,49,122,1946,11312,11312,2068,11312,0,0,ece434ff36a5e51452ac21d056241cf0e8e63e88,0,0,0,0,0,
20200327,UT,480,8764,,,,,,,,,A,3/27/2020 15:00,2020-03-27T15:00:00Z,03/27 11:00,2,,2020-05-26T00:00:00Z,49,78,1456,9244,9244,1534,9244,1,0,82f778cff396a7207e8a3eee10b772f53045eb02,0,0,0,0,0,
20200326,UT,402,7308,,,,,,,,,A,3/26/2020 15:00,2020-03-26T15:00:00Z,03/26 11:00,1,,2020-05-26T00:00:00Z,49,56,817,7710,7710,873,7710,0,0,7e6f3a47b98ae1e086656411861bad6d34a08ab0,0,0,0,0,0,
20200325,UT,346,6491,,,,,,,,,A,3/25/2020 15:00,2020-03-25T15:00:00Z,03/25 11:00,1,,2020-05-26T00:00:00Z,49,47,967,6837,6837,1014,6837,0,0,ff46caacf0b47d55938b7d4739a6a96281fdfa17,0,0,0,0,0,
20200324,UT,299,5524,,,,,,,,,A,3/24/2020 15:00,2020-03-24T15:00:00Z,03/24 11:00,1,,2020-05-26T00:00:00Z,49,42,734,5823,5823,776,5823,0,0,06ecdca70483f94a558cb85e0ac637cd1349d075,0,0,0,0,0,
20200323,UT,257,4790,,,,,,,,,A,3/23/2020 15:00,2020-03-23T15:00:00Z,03/23 11:00,1,,2020-05-26T00:00:00Z,49,76,1282,5047,5047,1358,5047,0,0,538f253c0c04aecf156d0653a430f0ea1806f426,0,0,0,0,0,
20200322,UT,181,3508,,,,,,,,,,3/22/2020 15:00,2020-03-22T15:00:00Z,03/22 11:00,1,,2020-05-26T00:00:00Z,49,45,1084,3689,3689,1129,3689,1,0,e11d76d82775956344a2a88b06b57bfe2d597544,0,0,0,0,0,
20200321,UT,136,2424,,,,,,,,,,3/21/2020 00:00,2020-03-21T00:00:00Z,03/20 20:00,0,,2020-05-26T00:00:00Z,49,24,389,2560,2560,413,2560,0,0,81b4a66b51a008782e05f91a47e77dddb412ca79,0,0,0,0,0,
20200320,UT,112,2035,,,,,,,,,,3/20/2020 00:00,2020-03-20T00:00:00Z,03/19 20:00,0,,2020-05-26T00:00:00Z,49,34,587,2147,2147,621,2147,0,0,67f01c8450496de0142e7f77669721de9429dcb0,0,0,0,0,0,
20200319,UT,78,1448,,,,,,,,,,3/19/2020 00:00,2020-03-19T00:00:00Z,03/18 20:00,0,,2020-05-26T00:00:00Z,49,15,1317,1526,1526,1332,1526,0,0,d74cdb31de21bfccd845b58473173ea45ef60d4e,0,0,0,0,0,
20200318,UT,63,131,,,,,,,,,,3/18/2020 14:45,2020-03-18T14:45:00Z,03/18 10:45,0,,2020-05-26T00:00:00Z,49,12,0,194,194,12,194,0,0,35a2d952442876d3eb97f923165c0cf1f0d38589,0,0,0,0,0,
20200317,UT,51,131,,,,,,,,,,3/17/2020 14:45,2020-03-17T14:45:00Z,03/17 10:45,0,,2020-05-26T00:00:00Z,49,12,0,182,182,12,182,0,0,2c00583c3161953bf967e3fa78a998674c092553,0,0,0,0,0,
20200316,UT,39,131,,,,,,,,,,3/16/2020 15:17,2020-03-16T15:17:00Z,03/16 11:17,0,,2020-05-26T00:00:00Z,49,11,0,170,170,11,170,0,0,19006fa015440ded82b784daf0ac3f5b4a9c7ace,0,0,0,0,0,
20200315,UT,28,131,,,,,,,,,,3/15/2020 14:45,2020-03-15T14:45:00Z,03/15 10:45,0,,2020-05-26T00:00:00Z,49,22,0,159,159,22,159,0,0,60d73fc1121960b5fd507f4457394d798d6a52ae,0,0,0,0,0,
20200314,UT,6,131,,,,,,,,,,3/13/2020 15:00,2020-03-13T15:00:00Z,03/13 11:00,,,2020-05-26T00:00:00Z,49,0,0,137,137,0,137,0,0,46ab636727bb4902ee07562d70d56d7bf90e9026,0,0,0,0,0,
20200313,UT,6,131,,,,,,,,,,3/13/2020 15:00,2020-03-13T15:00:00Z,03/13 11:00,,,2020-05-26T00:00:00Z,49,2,0,137,137,2,137,0,0,08211642929f7695d6d19bf34a6c6b1bfa8ac521,0,0,0,0,0,
20200312,UT,4,131,,,,,,,,,,3/11/2020 00:00,2020-03-11T00:00:00Z,03/10 20:00,,,2020-05-26T00:00:00Z,49,2,131,135,135,133,135,0,0,ae08d4ce3b73375bf72ebc5c1a265993a6fd9a84,0,0,0,0,0,
20200311,UT,2,,,,,,,,,,,,Invalid DateTime,Invalid DateTime,,,2020-05-26T00:00:00Z,49,0,0,2,2,0,2,0,0,0ace5d7dd9006af62244855f8f74ef2d32e10602,0,0,0,0,0,
20200310,UT,2,,,,,,,,,,,,Invalid DateTime,Invalid DateTime,,,2020-05-26T00:00:00Z,49,1,0,2,2,1,2,0,0,30a94041791d02c2f7988d7850507815319d70ac,0,0,0,0,0,
20200309,UT,1,,,,,,,,,,,,Invalid DateTime,Invalid DateTime,,,2020-05-26T00:00:00Z,49,0,0,1,1,0,1,0,0,3bbf6e5be4a6c881f74d23b825c82f7353a2dab8,0,0,0,0,0,
20200308,UT,1,,,,,,,,,,,,Invalid DateTime,Invalid DateTime,,,2020-05-26T00:00:00Z,49,0,0,1,1,0,1,0,0,b7e6fb287163dea740f0fdbf03f96a0eff9475e2,0,0,0,0,0,
20200307,UT,1,,,,,,,,,,,,Invalid DateTime,Invalid DateTime,,,2020-05-26T00:00:00Z,49,0,0,1,1,0,1,0,0,d6285b3bb2e8bfa37f5c99c8055c28a601179859,0,0,0,0,0,
