date,state,positive,negative,pending,hospitalizedCurrently,hospitalizedCumulative,inIcuCurrently,inIcuCumulative,onVentilatorCurrently,onVentilatorCumulative,recovered,dataQualityGrade,lastUpdateEt,dateModified,checkTimeEt,death,hospitalized,dateChecked,totalTestsViral,positiveTestsViral,negativeTestsViral,positiveCasesViral,fips,positiveIncrease,negativeIncrease,total,totalTestResults,totalTestResultsIncrease,posNeg,deathIncrease,hospitalizedIncrease,hash,commercialScore,negativeRegularScore,negativeScore,positiveScore,score,grade
20200609,ID,3189,54488,,,260,,99,,,2509,A,6/8/2020 19:00,2020-06-08T19:00:00Z,06/08 15:00,83,260,2020-06-08T19:00:00Z,57376,,,2888,16,50,1586,57677,57677,1636,57677,0,0,371196dac916157be078fc83f74c4dcd6689dae1,0,0,0,0,0,
20200608,ID,3139,52902,,,260,,99,,,2461,A,6/6/2020 19:00,2020-06-06T19:00:00Z,06/06 15:00,83,260,2020-06-06T19:00:00Z,55742,,,2840,16,0,0,56041,56041,0,56041,0,0,e6008a007e9384132bebeb4f3a839cf8d56dbd8b,0,0,0,0,0,
20200607,ID,3139,52902,,,260,,99,,,2461,A,6/6/2020 19:00,2020-06-06T19:00:00Z,06/06 15:00,83,260,2020-06-06T19:00:00Z,55742,,,2840,16,28,774,56041,56041,802,56041,0,3,0ace66baf3ad5a7be8a7309e1578278d9ddb21fd,0,0,0,0,0,
20200606,ID,3111,52128,,,257,,98,,,2408,A,6/5/2020 19:00,2020-06-05T19:00:00Z,06/05 15:00,83,257,2020-06-05T19:00:00Z,54949,,,2821,16,57,1558,55239,55239,1615,55239,0,2,de0f4c67cbdb6702a019f5f7e4527b74b7f29ae6,0,0,0,0,0,
20200605,ID,3054,50570,,,255,,98,,,2362,A,6/4/2020 19:00,2020-06-04T19:00:00Z,06/04 15:00,83,255,2020-06-04T19:00:00Z,53333,,,2763,16,64,3755,53624,53624,3819,53624,0,2,e9a0ec5cec11cb85cfe42c9b415b9fbaadf61bde,0,0,0,0,0,
20200604,ID,2990,46815,,,253,,98,,,2311,A,6/3/2020 19:00,2020-06-03T19:00:00Z,06/03 15:00,83,253,2020-06-03T19:00:00Z,49524,,,2709,16,57,806,49805,49805,863,49805,0,2,78dd61abaa2013b22d77cc3e1d8d2b2a821006e0,0,0,0,0,0,
20200603,ID,2933,46009,,,251,,98,,,2282,A,6/2/2020 19:00,2020-06-02T19:00:00Z,06/02 15:00,83,251,2020-06-02T19:00:00Z,48669,,,2660,16,27,782,48942,48942,809,48942,0,4,97c70fd3cc557d0f1108462727ba4ed8a8bbd918,0,0,0,0,0,
20200602,ID,2906,45227,,,247,,98,,,2266,A,6/1/2020 19:00,2020-06-01T19:00:00Z,06/01 15:00,83,247,2020-06-01T19:00:00Z,47870,,,2643,16,67,1369,48133,48133,1436,48133,1,5,afae66e31ef5c66366bc1aeec286b8f94d44947a,0,0,0,0,0,
20200601,ID,2839,43858,,,242,,96,,,2248,A,5/30/2020 19:00,2020-05-30T19:00:00Z,05/30 15:00,82,242,2020-05-30T19:00:00Z,46436,,,2578,16,0,0,46697,46697,0,46697,0,0,7d4b70954cbe0a67bac3244871fd4e07e269f653,0,0,0,0,0,
20200531,ID,2839,43858,,,242,,96,,,2248,A,5/30/2020 19:00,2020-05-30T19:00:00Z,05/30 15:00,82,242,2020-05-30T19:00:00Z,46436,,,2578,16,36,1237,46697,46697,1273,46697,0,2,b5b5a48c6e388672b05eec086042eff3a7ccb53d,0,0,0,0,0,
20200530,ID,2803,42621,,,240,,96,,,2225,A,5/29/2020 19:00,2020-05-29T19:00:00Z,05/29 15:00,82,240,2020-05-29T19:00:00Z,45172,,,2551,16,34,629,45424,45424,663,45424,0,2,29e827fa54a82e624b99e34916b05b29f4a3f6b7,0,0,0,0,0,
20200529,ID,2769,41992,,,238,,96,,,2195,A,5/28/2020 19:00,2020-05-28T19:00:00Z,05/28 15:00,82,238,2020-05-28T19:00:00Z,44511,,,2519,16,38,848,44761,44761,886,44761,0,4,954b076a11a45f4d217224e695007a87660888a2,0,0,0,0,0,
20200528,ID,2731,41144,,,234,,95,,,2185,A,5/27/2020 19:00,2020-05-27T19:00:00Z,05/27 15:00,82,234,2020-05-27T19:00:00Z,43629,,,2485,16,32,826,43875,43875,858,43875,1,3,10cad4d9fbd87e788c3d8df8784dd33316b0cf57,0,0,0,0,0,
20200527,ID,2699,40318,,,231,,95,,,2100,A,5/26/2020 19:00,2020-05-26T19:00:00Z,05/26 15:00,81,231,2020-05-26T19:00:00Z,42776,,,2458,16,73,1538,43017,43017,1611,43017,2,6,bba1473b6e608d767c2818f77786602bd1ac8a5b,0,0,0,0,0,
20200526,ID,2626,38780,,,225,,94,,,1755,A,5/23/2020 19:00,2020-05-23T19:00:00Z,05/23 15:00,79,225,2020-05-23T19:00:00Z,41167,,,2387,16,0,0,41406,41406,0,41406,0,0,fb4ea8c0fa78e7ffffcbd57ca5ead0558d695a1e,0,0,0,0,0,
20200525,ID,2626,38780,,,225,,94,,,1755,A,5/23/2020 19:00,2020-05-23T19:00:00Z,05/23 15:00,79,225,2020-05-23T19:00:00Z,41167,,,2387,16,0,0,41406,41406,0,41406,0,0,2163612c6558844459bfb46593255afb9efdc607,0,0,0,0,0,
20200524,ID,2626,38780,,,225,,94,,,1755,A,5/23/2020 19:00,2020-05-23T19:00:00Z,05/23 15:00,79,225,2020-05-23T19:00:00Z,41167,,,2387,16,31,766,41406,41406,797,41406,0,0,f7a97d670bffb91ce5e73ca71c6c1ff71c0dd806,0,0,0,0,0,
20200523,ID,2595,38014,,,225,,94,,,1735,A,5/22/2020 19:00,2020-05-22T19:00:00Z,05/22 15:00,79,225,2020-05-22T19:00:00Z,40370,,,2356,16,61,953,40609,40609,1014,40609,2,2,a08b6a23ab4672c7e460cd95cfc6add3b9faf7f9,0,0,0,0,0,
20200522,ID,2534,37061,,,223,,92,,,1720,A,5/21/2020 19:00,2020-05-21T19:00:00Z,05/21 15:00,77,223,2020-05-21T19:00:00Z,39362,,,2301,16,28,679,39595,39595,707,39595,0,2,35f8806f67207e901c3bfcd08039ca8f22ddea3e,0,0,0,0,0,
20200521,ID,2506,36382,,,221,,91,,,1688,B,5/20/2020 19:00,2020-05-20T19:00:00Z,05/20 15:00,77,221,2020-05-20T19:00:00Z,38660,,,2278,16,30,291,38888,38888,321,38888,0,6,584fbfaf3904369b36541138942447004e04d82a,0,0,0,0,0,
20200520,ID,2476,36091,,,215,,89,,,1668,B,5/19/2020 19:00,2020-05-19T19:00:00Z,05/19 15:00,77,215,2020-05-19T19:00:00Z,38344,,,2253,16,21,477,38567,38567,498,38567,3,2,dce8ebc74b8abc9d8e413ed85da24d63be847106,0,0,0,0,0,
20200519,ID,2455,35614,,,213,,89,,,1649,B,5/18/2020 19:00,2020-05-18T19:00:00Z,05/18 15:00,74,213,2020-05-18T19:00:00Z,37847,,,2233,16,36,1361,38069,38069,1397,38069,1,0,2715b63e61f9345672b240e8fffe244b3b299142,0,0,0,0,0,
20200518,ID,2419,34253,,,213,,89,,,1612,B,5/16/2020 19:00,2020-05-16T19:00:00Z,05/16 15:00,73,213,2020-05-16T19:00:00Z,36456,,,2203,16,0,0,36672,36672,0,36672,0,0,a895223377a98b890aeae58fd33fb4fb55bf60fa,0,0,0,0,0,
20200517,ID,2419,34253,,,213,,89,,,1612,B,5/16/2020 19:00,2020-05-16T19:00:00Z,05/16 15:00,73,213,2020-05-16T19:00:00Z,,,,2203,16,30,954,36672,36672,984,36672,0,0,0e307d08fef9dfdb9c74c60e4c431b06cb7e8f87,0,0,0,0,0,
20200516,ID,2389,33299,,,213,,89,,,1588,B,5/15/2020 19:00,2020-05-15T19:00:00Z,05/15 15:00,73,213,2020-05-15T19:00:00Z,35485,,,2186,16,38,905,35688,35688,943,35688,1,1,bbccd4ca113902b7e1eb482aa3ae9b6b5565fa5a,0,0,0,0,0,
20200515,ID,2351,32394,,,212,,89,,,1573,B,5/14/2020 19:00,2020-05-14T19:00:00Z,05/14 15:00,72,212,2020-05-14T19:00:00Z,34546,,,2152,16,27,964,34745,34745,991,34745,3,0,7faf526e164c079a167137fad2a701ceda9580e5,0,0,0,0,0,
20200514,ID,2324,31430,,,212,,88,,,1557,B,5/13/2020 19:00,2020-05-13T19:00:00Z,05/13 15:00,69,212,2020-05-13T19:00:00Z,33556,,,2126,16,31,595,33754,33754,626,33754,0,-2,4c11555ce7067010e0f8ce06e09d3ed05de78e0f,0,0,0,0,0,
20200513,ID,2293,30835,,,214,,88,,,1536,B,5/12/2020 19:00,2020-05-12T19:00:00Z,05/12 15:00,69,214,2020-05-12T19:00:00Z,32934,,,2099,16,33,390,33128,33128,423,33128,-1,4,5085baa8205bfbffe8e2ab906b2155f48291d809,0,0,0,0,0,
20200512,ID,2260,30445,,,210,,87,,,1508,B,5/11/2020 19:00,2020-05-11T19:00:00Z,05/11 15:00,70,210,2020-05-11T19:00:00Z,32518,,,2073,16,30,533,32705,32705,563,32705,3,3,7978287f884ade084501a47a65e5791d5081684b,0,0,0,0,0,
20200511,ID,2230,29912,,,207,,87,,,1473,B,5/9/2020 19:00,2020-05-09T19:00:00Z,05/09 15:00,67,207,2020-05-09T19:00:00Z,,,,2049,16,0,0,32142,32142,0,32142,0,0,4fd4de29794f7c9165b451497818ac0815483362,0,0,0,0,0,
20200510,ID,2230,29912,,,207,,87,,,1473,B,5/9/2020 19:00,2020-05-09T19:00:00Z,05/09 15:00,67,207,2020-05-09T19:00:00Z,,,,2049,16,25,311,32142,32142,336,32142,0,1,6281f9c4b2205c2f2e318d31462ba64a14ce8bae,0,0,0,0,0,
20200509,ID,2205,29601,,,206,,86,,,1442,B,5/8/2020 19:00,2020-05-08T19:00:00Z,05/08 15:00,67,206,2020-05-08T19:00:00Z,,,,2027,16,27,509,31806,31806,536,31806,0,0,68263c2259a14abc1780cb9c5d0ff90012707183,0,0,0,0,0,
20200508,ID,2178,29092,,,206,,86,,,1420,B,5/7/2020 19:00,2020-05-07T19:00:00Z,05/07 15:00,67,206,2020-05-07T19:00:00Z,,,,2007,16,20,360,31270,31270,380,31270,1,1,a52cfaf63e802534e522047ecc9633e3004a7eef,0,0,0,0,0,
20200507,ID,2158,28732,,,205,,86,,,1399,B,5/6/2020 19:00,2020-05-06T19:00:00Z,05/06 15:00,66,205,2020-05-06T19:00:00Z,,,,1986,16,31,314,30890,30890,345,30890,1,2,af9fc31ab823a8fab423e4ebc2f69bf78c867c0a,0,0,0,0,0,
20200506,ID,2127,28418,,,203,,84,,,1379,C,5/4/2020 19:00,2020-05-04T19:00:00Z,05/04 15:00,65,203,2020-05-04T19:00:00Z,,,,1957,16,21,216,30545,30545,237,30545,1,2,fa602a20dcb5b8d8d939acfac33142277c758380,0,0,0,0,0,
20200505,ID,2106,28202,,,201,,83,,,1358,C,5/3/2020 19:00,2020-05-03T19:00:00Z,05/03 15:00,64,201,2020-05-03T19:00:00Z,,,,1944,16,45,456,30308,30308,501,30308,0,1,ed285d57b32e40cb3b01e917acf05c5d334cdaac,0,0,0,0,0,
20200504,ID,2061,27746,,,200,,83,,,1267,C,5/2/2020 19:00,2020-05-02T19:00:00Z,05/02 15:00,64,200,2020-05-02T19:00:00Z,,,,1905,16,0,0,29807,29807,0,29807,1,0,808edcc157b3f6851d4fec68b44d9dbc654c3d7d,0,0,0,0,0,
20200503,ID,2061,27746,,,200,,83,,,1267,C,5/2/2020 19:00,2020-05-02T19:00:00Z,05/02 15:00,63,200,2020-05-02T19:00:00Z,,,,1905,16,26,291,29807,29807,317,29807,0,22,04f50c1432efb213584d01697f1e9d6a82048772,0,0,0,0,0,
20200502,ID,2035,27455,,,178,,76,,,1215,C,5/1/2020 19:00,2020-05-01T19:00:00Z,05/01 15:00,63,178,2020-05-01T19:00:00Z,,,,1880,16,20,245,29490,29490,265,29490,0,0,64e71d2a3a513ad052b365bb4f7fb530110fe870,0,0,0,0,0,
20200501,ID,2015,27210,,,178,,75,,,1175,C,4/30/2020 19:00,2020-04-30T19:00:00Z,04/30 15:00,63,178,2020-04-30T19:00:00Z,,,,1860,16,31,348,29225,29225,379,29225,3,3,fe998fbe2a1bb8952c51c680de013a73acf32afc,0,0,0,0,0,
20200430,ID,1984,26862,,,175,,74,,,1121,C,4/29/2020 19:00,2020-04-29T19:00:00Z,04/29 15:00,60,175,2020-04-29T19:00:00Z,,,,1831,16,32,432,28846,28846,464,28846,0,2,2f9a41a35bcbfa097c4f08849d585c1c7a2a3354,0,0,0,0,0,
20200429,ID,1952,26430,,,173,,73,,,1087,C,4/28/2020 19:00,2020-04-28T19:00:00Z,04/28 15:00,60,173,2020-04-28T19:00:00Z,,,,1810,16,35,8295,28382,28382,8330,28382,2,1,977e2ec6ef78bc228d5ebe0c30758924824bbffd,0,0,0,0,0,
20200428,ID,1917,18135,,,172,,73,,,1039,C,4/27/2020 19:00,2020-04-27T19:00:00Z,04/27 15:00,58,172,2020-04-27T19:00:00Z,,,,,16,20,8,20052,20052,28,20052,2,3,005c3498de00e44a2643ec193619365e2665c20c,0,0,0,0,0,
20200427,ID,1897,18127,,,169,,71,,,983,C,4/26/2020 19:00,2020-04-26T19:00:00Z,04/26 15:00,56,169,2020-04-26T19:00:00Z,,,,,16,10,516,20024,20024,526,20024,0,0,c16d87727a3fbff5a271efde1bfde797a64bb825,0,0,0,0,0,
20200426,ID,1887,17611,,,169,,72,,,938,C,4/25/2020 19:00,2020-04-25T19:00:00Z,04/25 15:00,56,169,2020-04-25T19:00:00Z,,,,,16,17,0,19498,19498,17,19498,2,1,ed012a661ae154d9dc7900b224bbad9cf6a42ef8,0,0,0,0,0,
20200425,ID,1870,17611,,,168,,71,,,867,C,4/24/2020 19:00,2020-04-24T19:00:00Z,04/24 15:00,54,168,2020-04-24T19:00:00Z,,,,,16,34,0,19481,19481,34,19481,0,2,138f1b48b50fa6028a0c44edf237bb8d0b93bffe,0,0,0,0,0,
20200424,ID,1836,17611,,,166,,63,,,822,A,4/24/2020 19:00,2020-04-24T19:00:00Z,04/24 15:00,54,166,2020-04-24T19:00:00Z,,,,,16,34,241,19447,19447,275,19447,0,4,6b8fade4dfd2b10c745633c2bdbc16b96bd89069,0,0,0,0,0,
20200423,ID,1802,17370,,,162,,60,,,767,A,4/23/2020 19:00,2020-04-23T19:00:00Z,04/23 15:00,54,162,2020-04-23T19:00:00Z,,,,,16,36,966,19172,19172,1002,19172,3,4,16ca9423ee3127cc2051644401abe79d2c6cdf69,0,0,0,0,0,
20200422,ID,1766,16404,,,158,,58,,,710,A,4/22/2020 19:00,2020-04-22T19:00:00Z,04/22 15:00,51,158,2020-04-22T19:00:00Z,,,,,16,30,333,18170,18170,363,18170,3,1,b316d52c3561b00e840b6e3dcdbca46cd76a6828,0,0,0,0,0,
20200421,ID,1736,16071,,,157,,58,,,660,A,4/21/2020 19:00,2020-04-21T19:00:00Z,04/21 15:00,48,157,2020-04-21T19:00:00Z,,,,,16,64,298,17807,17807,362,17807,3,6,0d391fe75c46c7209ea930355298fa77cfb54b4a,0,0,0,0,0,
20200420,ID,1672,15773,,,151,,53,,,585,A,4/19/2020 19:00,2020-04-19T19:00:00Z,04/19 15:00,45,151,2020-04-19T19:00:00Z,,,,,16,4,0,17445,17445,4,17445,1,0,e3834bbe62baed10a6f7b3b6f61ada27ab6e3efb,0,0,0,0,0,
20200419,ID,1668,15773,,,151,,53,,,520,A,4/19/2020 19:00,2020-04-19T19:00:00Z,04/19 15:00,44,151,2020-04-19T19:00:00Z,,,,,16,13,481,17441,17441,494,17441,1,0,cb6b78861e2e98013005736ac4bb3873882201ae,0,0,0,0,0,
20200418,ID,1655,15292,,,151,,53,,,453,A,4/17/2020 19:00,2020-04-17T19:00:00Z,04/17 15:00,43,151,2020-04-17T19:00:00Z,,,,,16,46,249,16947,16947,295,16947,2,3,a558d4e43e9b35294c33b62b80a03fee25520cfb,0,0,0,0,0,
20200417,ID,1609,15043,,,148,,51,,,390,A,4/17/2020 19:00,2020-04-17T19:00:00Z,04/17 15:00,41,148,2020-04-17T19:00:00Z,,,,,16,22,388,16652,16652,410,16652,0,5,8aceb425d18cfa4ec0661a6a7f95f67436cf2e57,0,0,0,0,0,
20200416,ID,1587,14655,,,143,,46,,,,A,4/16/2020 19:00,2020-04-16T19:00:00Z,04/16 15:00,41,143,2020-04-16T19:00:00Z,,,,,16,123,721,16242,16242,844,16242,2,2,12501535456041d557c68229b6829308e80e9337,0,0,0,0,0,
20200415,ID,1464,13934,,,141,,43,,,,A,4/14/2020 19:00,2020-04-14T19:00:00Z,04/14 15:00,39,141,2020-04-14T19:00:00Z,,,,,16,11,273,15398,15398,284,15398,6,6,6325ab1540bb5743e31e245b5690ca601cd91b3c,0,0,0,0,0,
20200414,ID,1453,13661,,,135,,38,,,,A,4/14/2020 19:00,2020-04-14T19:00:00Z,04/14 15:00,33,135,2020-04-14T19:00:00Z,,,,,16,27,206,15114,15114,233,15114,6,3,59fa09dd09ccb5e02d0c70f64e28e19f824fec4d,0,0,0,0,0,
20200413,ID,1426,13455,,,132,,38,,,,A,4/13/2020 19:00,2020-04-13T19:00:00Z,04/13 15:00,27,132,2020-04-13T19:00:00Z,,,,,16,19,554,14881,14881,573,14881,0,1,3f402cfdae3a595f3050007b8e4d9724d5cf8e3d,0,0,0,0,0,
20200412,ID,1407,12901,,,131,,38,,,,A,4/11/2020 19:00,2020-04-11T19:00:00Z,04/11 15:00,27,131,2020-04-11T19:00:00Z,,,,,16,11,533,14308,14308,544,14308,2,3,09e94b380a10dc45bcd5e99e4e038715a9447c96,0,0,0,0,0,
20200411,ID,1396,12368,,,128,,35,,,,A,4/10/2020 19:00,2020-04-10T19:00:00Z,04/10 15:00,25,128,2020-04-10T19:00:00Z,,,,,16,43,627,13764,13764,670,13764,1,1,1da4f7981ad453f68377667831ab90c801be02b4,0,0,0,0,0,
20200410,ID,1353,11741,,,127,,33,,,,A,4/9/2020 19:00,2020-04-09T19:00:00Z,04/09 15:00,24,127,2020-04-09T19:00:00Z,,,,,16,121,442,13094,13094,563,13094,6,14,f96e50010970d163b9db61db3cd8ca5321e5d04a,0,0,0,0,0,
20200409,ID,1232,11299,,,113,,29,,,,A,4/8/2020 19:00,2020-04-08T19:00:00Z,04/08 15:00,18,113,2020-04-08T19:00:00Z,,,,,16,22,611,12531,12531,633,12531,3,20,d9bf3150c03cd39d2eef32db85788d453b42f1ac,0,0,0,0,0,
20200408,ID,1210,10688,,,93,,24,,,,A,4/7/2020 19:00,2020-04-07T19:00:00Z,04/07 15:00,15,93,2020-04-07T19:00:00Z,,,,,16,40,612,11898,11898,652,11898,2,10,fada952baae84679707846fe7a1ee64361e85520,0,0,0,0,0,
20200407,ID,1170,10076,,,83,,21,,,,A,4/6/2020 19:00,2020-04-06T19:00:00Z,04/06 15:00,13,83,2020-04-06T19:00:00Z,,,,,16,69,182,11246,11246,251,11246,3,6,91b23105a530230fcbccfdea85efc79a975cd264,0,0,0,0,0,
20200406,ID,1101,9894,,,77,,16,,,,A,4/5/2020 19:00,2020-04-05T19:00:00Z,04/05 15:00,10,77,2020-04-05T19:00:00Z,,,,,16,24,710,10995,10995,734,10995,0,11,b8b85537be23d57f5c6886616c09c78e009cffac,0,0,0,0,0,
20200405,ID,1077,9184,,,66,,11,,,,A,4/4/2020 19:00,2020-04-04T19:00:00Z,04/04 15:00,10,66,2020-04-04T19:00:00Z,,,,,16,64,1327,10261,10261,1391,10261,0,4,ee53b54e6adbbf193255ebe92ba53ed289815d55,0,0,0,0,0,
20200404,ID,1013,7857,,,62,,8,,,,A,4/3/2020 19:00,2020-04-03T19:00:00Z,04/03 15:00,10,62,2020-04-03T19:00:00Z,,,,,16,122,803,8870,8870,925,8870,1,6,c43f1370dc04ebdecaae16f8e38199bc960621e1,0,0,0,0,0,
20200403,ID,891,7054,,,56,,7,,,,A,4/2/2020 19:00,2020-04-02T19:00:00Z,04/02 15:00,9,56,2020-04-02T19:00:00Z,,,,,16,222,441,7945,7945,663,7945,0,7,612062c6e29b40dec0002a41b461cad98bf6e02d,0,0,0,0,0,
20200402,ID,669,6613,,,49,,7,,,,A,4/1/2020 19:00,2020-04-01T19:00:00Z,04/01 15:00,9,49,2020-04-01T19:00:00Z,,,,,16,144,537,7282,7282,681,7282,0,3,1be1b2d29b3f63b42a118b6f629c9cb136328091,0,0,0,0,0,
20200401,ID,525,6076,,,46,,7,,,,A,3/31/2020 19:00,2020-03-31T19:00:00Z,03/31 15:00,9,46,2020-03-31T19:00:00Z,,,,,16,110,779,6601,6601,889,6601,2,1,3d592147ddd52ec15a85becad5d709884e9dab50,0,0,0,0,0,
20200331,ID,415,5297,,,45,,6,,,,A,3/30/2020 19:00,2020-03-30T19:00:00Z,03/30 15:00,7,45,2020-03-30T19:00:00Z,,,,,16,105,901,5712,5712,1006,5712,1,6,1cec2afd6a21a19b2372b0620e5ace70368cea5e,0,0,0,0,0,
20200330,ID,310,4396,,,39,,,,,,A,3/29/2020 19:00,2020-03-29T19:00:00Z,03/29 15:00,6,39,2020-03-29T19:00:00Z,,,,,16,49,375,4706,4706,424,4706,1,3,68350f0d5187172938fb30723d5bd5d6c2daeecc,0,0,0,0,0,
20200329,ID,261,4021,,,36,,,,,,A,3/28/2020 18:55,2020-03-28T18:55:00Z,03/28 14:55,5,36,2020-03-28T18:55:00Z,,,,,16,31,679,4282,4282,710,4282,1,11,74b92f9419dbde53796e2aa0a94d8bef552b4412,0,0,0,0,0,
20200328,ID,230,3342,,,25,,,,,,A,3/27/2020 19:00,2020-03-27T19:00:00Z,03/27 15:00,4,25,2020-03-27T19:00:00Z,,,,,16,41,674,3572,3572,715,3572,1,25,8cf61f832ff95f038a3b85915fabba7184be5087,0,0,0,0,0,
20200327,ID,189,2668,,,,,,,,,A,3/26/2020 20:00,2020-03-26T20:00:00Z,03/26 16:00,3,,2020-03-26T20:00:00Z,,,,,16,66,603,2857,2857,669,2857,3,0,8d8b01027d8dceabcfba2d12e51a24f98373e381,0,0,0,0,0,
20200326,ID,123,2065,,,,,,,,,A,3/25/2020 19:00,2020-03-25T19:00:00Z,03/25 15:00,0,,2020-03-25T19:00:00Z,,,,,16,50,178,2188,2188,228,2188,0,0,1e005d2ec4857b3a2ede3254afaf3cc4869c3512,0,0,0,0,0,
20200325,ID,73,1887,,,,,,,,,A,3/24/2020 19:00,2020-03-24T19:00:00Z,03/24 15:00,0,,2020-03-24T19:00:00Z,,,,,16,23,0,1960,1960,23,1960,0,0,3db870884babd61b21303e988e596b06ea4af25b,0,0,0,0,0,
20200324,ID,50,1887,,,,,,,,,A,3/23/2020 19:00,2020-03-23T19:00:00Z,03/23 15:00,0,,2020-03-23T19:00:00Z,,,,,16,3,578,1937,1937,581,1937,0,0,5e0a2d58b8702e1ec1f3b99397b0dd06714478bb,0,0,0,0,0,
20200323,ID,47,1309,,,,,,,,,A,3/22/2020 19:00,2020-03-22T19:00:00Z,03/22 15:00,0,,2020-03-22T19:00:00Z,,,,,16,5,134,1356,1356,139,1356,0,0,dfcb26d59934002918d8e0a82c2cdb35ffcc214a,0,0,0,0,0,
20200322,ID,42,1175,,,,,,,,,,3/21/2020 19:55,2020-03-21T19:55:00Z,03/21 15:55,0,,2020-03-21T19:55:00Z,,,,,16,11,295,1217,1217,306,1217,0,0,3f3b0038ec2a53bb25596cc0edb80507165ccbd6,0,0,0,0,0,
20200321,ID,31,880,,,,,,,,,,3/20/2020 19:00,2020-03-20T19:00:00Z,03/20 15:00,,,2020-03-20T19:00:00Z,,,,,16,8,290,911,911,298,911,0,0,70f6a1bef366c3266ed63d2753f74de720fe562e,0,0,0,0,0,
20200320,ID,23,590,,,,,,,,,,3/19/2020 19:00,2020-03-19T19:00:00Z,03/19 15:00,,,2020-03-19T19:00:00Z,,,,,16,12,131,613,613,143,613,0,0,396295ba7bee4b2487043553e16c22ea2419f3bd,0,0,0,0,0,
20200319,ID,11,459,,,,,,,,,,3/18/2020 10:30,2020-03-18T10:30:00Z,03/18 06:30,,,2020-03-18T10:30:00Z,,,,,16,2,0,470,470,2,470,0,0,e8ffdfd2b3256700d415e68cfdb6da415e47a76c,0,0,0,0,0,
20200318,ID,9,459,,,,,,,,,,3/18/2020 10:30,2020-03-18T10:30:00Z,03/18 06:30,,,2020-03-18T10:30:00Z,,,,,16,2,113,468,468,115,468,0,0,7152db011e906420605cebac9d46d0bf7128f686,0,0,0,0,0,
20200317,ID,7,346,,,,,,,,,,3/17/2020 11:45,2020-03-17T11:45:00Z,03/17 07:45,,,2020-03-17T11:45:00Z,,,,,16,2,81,353,353,83,353,0,0,e23cd9c0026697a81ab92f42fc96c9179d1d73ec,0,0,0,0,0,
20200316,ID,5,265,,,,,,,,,,3/16/2020 15:42,2020-03-16T15:42:00Z,03/16 11:42,,,2020-03-16T15:42:00Z,,,,,16,0,91,270,270,91,270,0,0,1c513ebedd72e555b16152934e9d0cd45ea798f1,0,0,0,0,0,
20200315,ID,5,174,,,,,,,,,,3/13/2020 22:45,2020-03-13T22:45:00Z,03/13 18:45,,,2020-03-13T22:45:00Z,,,,,16,3,0,179,179,3,179,0,0,fdf3e5b04ff184c7dc527661c42a02a564770d10,0,0,0,0,0,
20200314,ID,2,174,,,,,,,,,,3/13/2020 22:45,2020-03-13T22:45:00Z,03/13 18:45,,,2020-03-13T22:45:00Z,,,,,16,2,43,176,176,45,176,0,0,884f49d82787b63b83f63e83f30e0e9d35435a27,0,0,0,0,0,
20200313,ID,0,131,,,,,,,,,,3/13/2020 08:00,2020-03-13T08:00:00Z,03/13 04:00,,,2020-03-13T08:00:00Z,,,,,16,0,38,131,131,38,131,0,0,073439b782429c8e2c0168d4a2a700939c699b17,0,0,0,0,0,
20200312,ID,0,93,,,,,,,,,,3/12/2020 09:45,2020-03-12T09:45:00Z,03/12 05:45,,,2020-03-12T09:45:00Z,,,,,16,0,26,93,93,26,93,0,0,f51bac9fcb2db3d4f2309f0a3774df5203c0e7d4,0,0,0,0,0,
20200311,ID,0,67,,,,,,,,,,,,,,,,,,,,16,0,26,67,67,26,67,0,0,1a2cdcfa64b1f985c8115631e2064538fd5953ea,0,0,0,0,0,
20200310,ID,0,41,,,,,,,,,,,,,,,,,,,,16,0,0,41,41,0,41,0,0,960f8655485971a37fbe779c47d3065c4763c20d,0,0,0,0,0,
20200309,ID,0,41,,,,,,,,,,,,,,,,,,,,16,0,14,41,41,14,41,0,0,2b3b633890bea1d29ce36c2cfb9660c6236c646c,0,0,0,0,0,
20200308,ID,0,27,,,,,,,,,,,,,,,,,,,,16,0,0,27,27,0,27,0,0,59b346a71bd3a439f026d384c567be86fee3c90c,0,0,0,0,0,
20200307,ID,0,27,,,,,,,,,,,,,,,,,,,,16,0,0,27,27,0,27,0,0,a207a1aa75268d669cee7025a912e9cf445bd92a,0,0,0,0,0,
