date,state,fips,positive,positiveIncrease,negative,negativeIncrease,pending,total,totalTestResults,totalTestResultsIncrease,posNeg,hospitalizedCurrently,hospitalizedCumulative,inIcuCurrently,inIcuCumulative,onVentilatorCurrently,onVentilatorCumulative,recovered,dataQualityGrade,lastUpdateEt,death,deathIncrease,hospitalized,hospitalizedIncrease,dateChecked,hash
20200512,MN,27,12494,695,108340,4358,,120834,120834,5053,120834,496,1799,199,625,,,,A,5/11/2020 17:00,614,23,1799,83,2020-05-12T20:00:00Z,ec33872784c697e57bfcbf5c1ee4badd5e94ec81
20200511,MN,27,11799,528,103982,4165,,115781,115781,4693,115781,452,1716,194,600,,,7536,A,5/10/2020 17:00,591,13,1716,59,2020-05-11T20:00:00Z,22696ea7459b751c3e8783f2d99770100db70880
20200510,MN,27,11271,481,99817,4344,,111088,111088,4825,111088,434,1657,199,581,,,6882,A,5/9/2020 17:00,578,20,1657,45,2020-05-10T20:00:00Z,9e87cdf12e29707058e2dded8ec0a894042596d5
20200509,MN,27,10790,702,95473,4291,,106263,106263,4993,106263,476,1612,180,556,,,6322,A,5/8/2020 17:00,558,24,1612,63,2020-05-09T20:00:00Z,d50ddf685c8caa1f2169cc8c9ad3a6a6cde9bf85
20200508,MN,27,10088,723,91182,3126,,101270,101270,3849,101270,473,1549,198,540,,,5697,A,5/7/2020 17:00,534,26,1549,90,2020-05-08T20:00:00Z,36cea7281c49f2610a3ffc81442caf4a15171a69
20200507,MN,27,9365,786,88056,3403,,97421,97421,4189,97421,435,1459,182,512,,,5308,A,5/6/2020 17:00,508,23,1459,54,2020-05-07T20:00:00Z,36438c7213fbaf54bd9fd357231232849508150c
20200506,MN,27,8579,728,84653,4495,,93232,93232,5223,93232,443,1405,180,488,,,5005,A,5/5/2020 17:00,485,30,1405,55,2020-05-06T20:00:00Z,a53e1467c2f09f30031fb443912368bce546bd55
20200505,MN,27,7851,617,80158,1451,,88009,88009,2068,88009,434,1350,182,475,,,4614,A,5/4/2020 17:00,455,27,1350,79,2020-05-05T20:00:00Z,3727f6d5427900fdf840a8ece712796f45e5c8b5
20200504,MN,27,7234,571,78707,2738,,85941,85941,3309,85941,396,1271,166,444,,,4212,A,5/4/2020 00:00,428,9,1271,72,2020-05-04T20:00:00Z,1e0b55a7eb1016012225b8b53c37c36a7ec8c00b
20200503,MN,27,6663,435,75969,3190,,82632,82632,3625,82632,373,1199,155,426,,,3015,A,5/2/2020 17:00,419,24,1199,40,2020-05-03T20:00:00Z,d311ec7f59f2acceed7f06560f02f1d4a019a377
20200502,MN,27,6228,498,72779,3680,,79007,79007,4178,79007,389,1159,135,404,,,2397,A,5/1/2020 17:00,395,24,1159,63,2020-05-02T20:00:00Z,addc8893f40ef6af6f6deac3c5de26285c0dcf8a
20200501,MN,27,5730,594,69099,3959,,74829,74829,4553,74829,369,1096,118,380,,,2282,A,4/30/2020 17:00,371,28,1096,52,2020-05-01T20:00:00Z,40a14db44c5e6056905ad2d52849053e393053ee
20200430,MN,27,5136,492,65140,3040,,70276,70276,3532,70276,365,1044,130,358,,,2172,A,4/29/2020 17:00,343,24,1044,94,2020-04-30T20:00:00Z,cca52899d755042e07ae589543f438ab3960963b
20200429,MN,27,4644,463,62100,2452,,66744,66744,2915,66744,320,950,119,337,,,2043,A,4/28/2020 17:00,319,18,950,38,2020-04-29T20:00:00Z,b28b5a00bc431aebdf8fc865a8c59643b4fbeef9
20200428,MN,27,4181,365,59648,2196,,63829,63829,2561,63829,314,912,120,324,,,1912,A,4/27/2020 17:00,301,15,912,51,2020-04-28T20:00:00Z,cf806dd2ab1839f14328c00d5e13e092094f6cf1
20200427,MN,27,3816,214,57452,2067,,61268,61268,2281,61268,292,861,122,316,,,1842,A,4/26/2020 17:00,286,14,861,32,2020-04-27T20:00:00Z,7e6b1704d6e1e191e28127558bb68c07105a2e9f
20200426,MN,27,3602,156,55385,2234,,58987,58987,2390,58987,285,829,115,301,,,1774,A,4/26/2020 12:00,272,28,829,32,2020-04-26T20:00:00Z,8add8f848a22ce144afdae9aced663f3788c5449
20200425,MN,27,3446,261,53151,2549,,56597,56597,2810,56597,288,797,109,291,,,1654,A,4/24/2020 17:00,244,23,797,41,2020-04-25T20:00:00Z,25d39fb05ab97f1ea85c0925b5530023f707c0d4
20200424,MN,27,3185,243,50602,1996,,53787,53787,2239,53787,278,756,111,281,,,1594,A,4/23/2020 17:00,221,21,756,44,2020-04-24T20:00:00Z,4ef08bbda463d81cbdd5b33f9ce9662c6e4b13da
20200423,MN,27,2942,221,48606,1983,,51548,51548,2204,51548,268,712,104,274,,,1536,A,4/22/2020 17:00,200,21,712,52,2020-04-23T20:00:00Z,4c3233d09ba3acb70551b81a9203c0df9ceaf1c0
20200422,MN,27,2721,154,46623,1493,,49344,49344,1647,49344,240,660,107,262,,,1317,A,4/21/2020 17:00,179,19,660,31,2020-04-22T20:00:00Z,88d1387a6bae0d296f60cc86b2fa592c0759984a
20200421,MN,27,2567,97,45130,750,,47697,47697,847,47697,237,629,117,253,,,1254,A,4/20/2020 17:00,160,17,629,27,2020-04-21T20:00:00Z,3464f3c98bb8a18265a208a9672308f705dd831a
20200420,MN,27,2470,114,44380,1020,,46850,46850,1134,46850,237,602,126,241,,,1202,A,4/20/2020 12:00,143,9,602,28,2020-04-20T20:00:00Z,a0c0bd9fad2d7bc92849be1708e70ed5f0ec232b
20200419,MN,27,2356,143,43360,1305,,45716,45716,1448,45716,228,574,116,226,,,1160,A,4/19/2020 12:00,134,13,574,13,2020-04-19T20:00:00Z,7beb62ec110bffb3b5067c13cc5c068a1be83be8
20200418,MN,27,2213,142,42055,1073,,44268,44268,1215,44268,239,561,111,215,,,1118,A,4/17/2020 17:00,121,10,561,43,2020-04-18T20:00:00Z,4ed1687f972734e6c8de4c1ccfa544067347c100
20200417,MN,27,2071,159,40982,1219,,43053,43053,1378,43053,223,518,106,202,,,1066,A,4/16/2020 17:00,111,17,518,43,2020-04-17T20:00:00Z,a1bece05144e00a53757e23cfcd6bfc8823520e4
20200416,MN,27,1912,103,39763,1330,,41675,41675,1433,41675,213,475,103,188,,,1020,A,4/15/2020 17:00,94,7,475,30,2020-04-16T20:00:00Z,a6e86abed7aeeb99ab1a3f5d04511d0b0f51e9b1
20200415,MN,27,1809,114,38433,887,,40242,40242,1001,40242,197,445,93,175,,,940,A,4/14/2020 17:00,87,8,445,40,2020-04-15T20:00:00Z,4580f00eeaf824b89d1ee5503253ddabfb7ac9c4
20200414,MN,27,1695,45,37546,769,,39241,39241,814,39241,177,405,75,155,,,909,A,4/13/2020 17:00,79,9,405,44,2020-04-14T20:00:00Z,1d6c5c286731f1fe8abcbed132b3a954979a27d4
20200413,MN,27,1650,29,36777,977,,38427,38427,1006,38427,157,361,74,146,,,842,A,4/12/2020 17:00,70,,361,,2020-04-13T20:00:00Z,a3ec52e7c2843e1e9a25d294e2375cbeacc56b9d
20200412,MN,27,1621,194,35800,1823,,37421,37421,2017,37421,157,361,74,146,,,842,A,4/11/2020 21:00,70,6,361,21,2020-04-12T20:00:00Z,528c59bcf9e881e333d9b089b165daff6b78f884
20200411,MN,27,1427,91,33977,1419,,35404,35404,1510,35404,145,340,69,138,,,793,A,4/10/2020 17:00,64,7,340,23,2020-04-11T20:00:00Z,d8fadce4668440348ecb5e811828b6cf7334b45e
20200410,MN,27,1336,94,32558,1506,,33894,33894,1600,33894,143,317,64,131,,,732,A,4/9/2020 17:00,57,7,317,24,2020-04-10T20:00:00Z,01bf6d0667f12dbd5ce0770827b8fbb1e9420062
20200409,MN,27,1242,88,31052,1453,,32294,32294,1541,32294,145,293,63,119,,,675,A,4/9/2020 12:00,50,11,293,22,2020-04-09T20:00:00Z,cc69616dcc287b600d7ad39c292fa7fdb2fceb75
20200408,MN,27,1154,85,29599,1408,,30753,30753,1493,30753,135,271,64,105,,,632,A,4/8/2020 17:00,39,5,271,29,2020-04-08T20:00:00Z,f07ebf0c6cb5c5a055160125eaa7903c8462587d
20200407,MN,27,1069,83,28191,1049,,29260,29260,1132,29260,120,242,64,100,,,549,A,4/6/2020 17:00,34,4,242,19,2020-04-07T20:00:00Z,4fa2aecab51f85a67a939ce2904a1e50c1db7c45
20200406,MN,27,986,51,27142,1300,,28128,28128,1351,28128,115,223,57,90,,,470,A,4/6/2020 17:11,30,1,223,21,2020-04-06T20:00:00Z,818dfa2d0975882e85d1275470cea29e4ac85e7c
20200405,MN,27,935,70,25842,1284,,26777,26777,1354,26777,106,202,48,77,,,451,A,4/4/2020 17:00,29,5,202,22,2020-04-05T20:00:00Z,9b0f962b5b7f9412c1fa2111fab89cab750c9fc5
20200404,MN,27,865,76,24558,1120,,25423,25423,1196,25423,95,180,42,69,,,440,A,4/4/2020 12:00,24,2,180,24,2020-04-04T20:00:00Z,4e31bea53fcc555ac45aee444e3010cd14055a07
20200403,MN,27,789,47,23438,1786,,24227,24227,1833,24227,86,156,40,40,,,,A,4/2/2020 17:00,22,4,156,18,2020-04-03T20:00:00Z,c67ad8e6d7c82753b1815131f635d563a7affece
20200402,MN,27,742,53,21652,1150,,22394,22394,1203,22394,75,138,38,38,,,,A,4/2/2020 12:00,18,1,138,16,2020-04-02T20:00:00Z,b834514e2be1d988bc3915efbffd4f89ff0216ab
20200401,MN,27,689,60,20502,1351,,21191,21191,1411,21191,54,122,27,27,,,,A,4/1/2020 12:00,17,5,122,10,2020-04-01T20:00:00Z,31c78fe5a8e50d776fd4b7fd06d56361235d3e44
20200331,MN,27,629,53,19151,905,,19780,19780,958,19780,56,112,26,26,,,,A,3/31/2020 00:00,12,2,112,20,2020-03-31T20:00:00Z,97c9fd0f0b25c30faeaecf761a4fa2d71a683062
20200330,MN,27,576,73,18246,1092,,18822,18822,1165,18822,56,92,24,24,,,,A,3/30/2020 00:00,10,1,92,17,2020-03-30T20:00:00Z,3d7bd246a185217c3f2b374bc5e1b700a1e865c2
20200329,MN,27,503,62,17154,1466,,17657,17657,1528,17657,39,75,,17,,,252,A,3/29/2020 00:00,9,4,75,18,2020-03-29T20:00:00Z,e681ee35b5332d754da1108f7cc93a133abfa676
20200328,MN,27,441,43,15688,2083,,16129,16129,2126,16129,30,57,,17,,,220,A,3/28/2020 00:00,5,1,57,6,2020-03-28T20:00:00Z,b1cae8d57d6a6338b2efb61f94a18deb613eb585
20200327,MN,27,398,52,13605,1001,,14003,14003,1053,14003,34,51,,17,,,180,A,3/27/2020 00:00,4,2,51,10,2020-03-27T20:00:00Z,4037c045c3d9b04083aa93bca1cbb0eff26e0ba0
20200326,MN,27,346,59,12604,1416,,12950,12950,1475,12950,31,41,,,,,,A,3/26/2020 13:15,2,1,41,6,2020-03-26T20:00:00Z,9ec9d6a696769fd11dd1c984d6e8e2044154068f
20200325,MN,27,287,25,11188,5638,,11475,11475,5663,11475,26,35,,,,,122,A,3/25/2020 00:00,1,,35,14,2020-03-25T20:00:00Z,1b206a526d3e733fe2d97a156ddd6f98f25e6ec1
20200324,MN,27,262,27,5550,1039,,5812,5812,1066,5812,,21,,,,,,A,3/24/2020 00:00,1,,21,4,2020-03-24T20:00:00Z,1d3ec5fd986c870f5239d00c8c64deb2bbe52ef1
20200323,MN,27,235,66,4511,,,4746,4746,66,4746,,17,,,,,,A,3/23/2020 00:00,1,,17,5,2020-03-23T20:00:00Z,67c5ef81147b797f1cb661e340f9e5762f6dd04c
20200322,MN,27,169,31,4511,559,,4680,4680,590,4680,,12,,,,,,,3/21/2020 12:10,1,,12,12,2020-03-22T20:00:00Z,e105b0e37d052099f0ff20a6586f523e95efd103
20200321,MN,27,138,23,3952,211,,4090,4090,234,4090,,,,,,,,,3/21/2020 00:00,1,1,,,2020-03-21T20:00:00Z,33d00aca59633554e6154b917e94dad3d94088d1
20200320,MN,27,115,26,3741,792,,3856,3856,818,3856,,,,,,,,,3/20/2020 00:00,,,,,2020-03-20T20:00:00Z,ff4e091717152ec1db404b38f12d42cf8eafedc8
20200319,MN,27,89,12,2949,264,,3038,3038,276,3038,,,,,,,,,3/19/2020 00:00,,,,,2020-03-19T20:00:00Z,e0d9d78d512c72d8ed15c369a6a4617f85db102f
20200318,MN,27,77,17,2685,409,,2762,2762,426,2762,,,,,,,,,3/18/2020 00:00,,,,,2020-03-18T20:00:00Z,217d34e3f9d9d3cdefe52afb30ac327cadda089d
20200317,MN,27,60,6,2276,437,,2336,2336,443,2336,,,,,,,,,3/17/2020 00:00,,,,,2020-03-17T20:00:00Z,c20aece4bf5653f0c6a577889be8166474a34187
20200316,MN,27,54,19,1839,452,,1893,1893,471,1893,,,,,,,,,3/16/2020 15:52,,,,,2020-03-16T20:00:00Z,98bb968a4b41d03e9e4c692198511e3b66084bf8
20200315,MN,27,35,14,1387,540,,1422,1422,554,1422,,,,,,,,,3/15/2020 00:00,,,,,2020-03-15T20:00:00Z,bb784b5b63500e324ae93814c2aa188fec95be35
20200314,MN,27,21,7,847,306,,868,868,313,868,,,,,,,,,3/14/2020 00:00,,,,,2020-03-14T20:00:00Z,0e9855e5b8cef293c48a84a59782f01a464276e8
20200313,MN,27,14,5,541,234,,555,555,239,555,,,,,,,,,3/13/2020 00:00,,,,,2020-03-13T20:00:00Z,decaaa35c19aad7e96ca842924991730d7b79da8
20200312,MN,27,9,4,307,90,,316,316,94,316,,,,,,,,,3/12/2020 00:00,,,,,2020-03-12T20:00:00Z,11ea25ae51c787b8d11f54af2389d0b29261efa8
20200311,MN,27,5,2,217,85,,222,222,87,222,,,,,,,,,,,,,,2020-03-11T20:00:00Z,65afd6e33fad205465607a9867017bd7a0ddfb0f
20200310,MN,27,3,1,132,52,,135,135,53,135,,,,,,,,,,,,,,2020-03-10T20:00:00Z,ea3aaafcecc8b98b273a0a33fd40ce99eee54e59
20200309,MN,27,2,1,80,32,,82,82,33,82,,,,,,,,,,,,,,2020-03-09T20:00:00Z,dac461340a34bfc3543fe7f968b16a40c1853e48
20200308,MN,27,1,,48,,,49,49,,49,,,,,,,,,,,,,,2020-03-08T20:00:00Z,1c8f3ba9529ddacbd70ba152af52aa3f4f04b117
20200307,MN,27,1,1,48,12,,49,49,13,49,,,,,,,,,,,,,,2020-03-07T21:00:00Z,e89d41b7d457553fea204bedc95e6502cc464065
20200306,MN,27,,,36,,,36,36,,36,,,,,,,,,,,,,,2020-03-06T21:00:00Z,4676e55abc15b868409b71f55714785c8f937900
