date,state,positive,negative,pending,hospitalizedCurrently,hospitalizedCumulative,inIcuCurrently,inIcuCumulative,onVentilatorCurrently,onVentilatorCumulative,recovered,dataQualityGrade,lastUpdateEt,dateModified,checkTimeEt,death,hospitalized,dateChecked,fips,positiveIncrease,negativeIncrease,total,totalTestResults,totalTestResultsIncrease,posNeg,deathIncrease,hospitalizedIncrease,hash,commercialScore,negativeRegularScore,negativeScore,positiveScore,score,grade
20200526,MA,93693,451788,,2108,9388,560,,,,,A,5/26/2020 10:00,2020-05-26T10:00:00Z,05/26 06:00,6473,9388,2020-05-26T00:00:00Z,25,422,4498,545481,545481,4920,545481,57,49,1bf28a2c9221337cb8ee6fafb29fc5d7169b9c70,0,0,0,0,0,
20200525,MA,93271,447290,,2132,9339,576,,,,,A,5/25/2020 10:00,2020-05-25T10:00:00Z,05/25 06:00,6416,9339,2020-05-26T00:00:00Z,25,596,7592,540561,540561,8188,540561,44,31,1607f36f0ef4d259279e16e74caa23c514c0257f,0,0,0,0,0,
20200524,MA,92675,439698,,2169,9308,558,,,,,A,5/24/2020 10:00,2020-05-24T10:00:00Z,05/24 06:00,6372,9308,2020-05-26T00:00:00Z,25,1013,10374,532373,532373,11387,532373,68,48,ab60ebca54fe83e5bd46c181b2a8051cdb4d4305,0,0,0,0,0,
20200523,MA,91662,429324,,2237,9260,610,,,,,A,5/23/2020 10:00,2020-05-23T10:00:00Z,05/23 06:00,6304,9260,2020-05-26T00:00:00Z,25,773,8569,520986,520986,9342,520986,76,98,6352dbe3ee57707e1904ff6472c386df2eae25c0,0,0,0,0,0,
20200522,MA,90889,420755,,2323,9162,628,,,,,A,5/22/2020 10:00,2020-05-22T10:00:00Z,05/22 06:00,6228,9162,2020-05-26T00:00:00Z,25,805,9353,511644,511644,10158,511644,80,122,ac1c32f91aecf16a23f1940b040a7ff2fedd6a80,0,0,0,0,0,
20200521,MA,90084,411402,,2396,9040,647,,,,,A,5/21/2020 10:00,2020-05-21T10:00:00Z,05/21 06:00,6148,9040,2020-05-26T00:00:00Z,25,1114,10419,501486,501486,11533,501486,82,143,a66d605063e9bd04b8015a2a600e4d744057424b,0,0,0,0,0,
20200520,MA,88970,400983,,2518,8897,675,,,,,A,5/20/2020 10:00,2020-05-20T10:00:00Z,05/20 06:00,6066,8897,2020-05-26T00:00:00Z,25,1045,11968,489953,489953,13013,489953,128,131,64edf1a384b4c6e2aa4260161ba6d9cbd50ca747,0,0,0,0,0,
20200519,MA,87925,389015,,2472,8766,672,,,,,A+,5/19/2020 10:00,2020-05-19T10:00:00Z,05/19 06:00,5938,8766,2020-05-26T00:00:00Z,25,1915,14199,476940,476940,16114,476940,141,227,4d8894187c8c59e4d84f07688355850373fd5eb1,0,0,0,0,0,
20200518,MA,86010,374816,,2597,8539,702,,,,,A+,5/17/2020 10:00,2020-05-17T10:00:00Z,05/17 06:00,5797,8539,2020-05-26T00:00:00Z,25,0,0,460826,460826,0,460826,0,0,bb65014bb789cd03d7fd3289cce17a71a2efd67b,0,0,0,0,0,
20200517,MA,86010,374816,,2597,8539,702,,,,,A+,5/17/2020 10:00,2020-05-17T10:00:00Z,05/17 06:00,5797,8539,2020-05-26T00:00:00Z,25,1077,11660,460826,460826,12737,460826,92,83,ea9443365c2aa35ab8f3e8ae137526472c06f7a7,0,0,0,0,0,
20200516,MA,84933,363156,,2692,8456,747,,,,,A+,5/16/2020 10:00,2020-05-16T10:00:00Z,05/16 06:00,5705,8456,2020-05-26T00:00:00Z,25,1512,10898,448089,448089,12410,448089,113,142,8aff4a91b21ef348a9050458f3a20dd6aac8e90f,0,0,0,0,0,
20200515,MA,83421,352258,,2767,8314,749,,,,,A+,5/14/2020 10:00,2020-05-14T10:00:00Z,05/14 06:00,5592,8314,2020-05-26T00:00:00Z,25,1239,10079,435679,435679,11318,435679,110,107,90d020cafe1b77c4dc39a6b7047bd93851194634,0,0,0,0,0,
20200514,MA,82182,342179,,2859,8207,781,,,,,A+,5/13/2020 10:00,2020-05-13T10:00:00Z,05/13 06:00,5482,8207,2020-05-26T00:00:00Z,25,1685,12644,424361,424361,14329,424361,167,175,867e7a3aef9fd5f612211f033bb83c00bbc7e8f9,0,0,0,0,0,
20200513,MA,80497,329535,,3101,8032,794,,,,,A+,5/13/2020 10:00,2020-05-13T10:00:00Z,05/13 06:00,5315,8032,2020-05-26T00:00:00Z,25,1165,7371,410032,410032,8536,410032,174,190,18d4acf61962c0ec68b343f68b19f03cba3ef11c,0,0,0,0,0,
20200512,MA,79332,322164,,3127,7842,818,,,,,A+,5/12/2020 10:00,2020-05-12T10:00:00Z,05/12 06:00,5141,7842,2020-05-26T00:00:00Z,25,870,5898,401496,401496,6768,401496,33,110,f4cb8e21cbb7f242d70c0b72b848e55f04f4203c,0,0,0,0,0,
20200511,MA,78462,316266,,3102,7732,813,,,,,A,5/11/2020 10:00,2020-05-11T10:00:00Z,05/11 06:00,5108,7732,2020-05-26T00:00:00Z,25,669,5670,394728,394728,6339,394728,129,115,254ad820d159e6b4f823cfcd3ae4720c511e13cf,0,0,0,0,0,
20200510,MA,77793,310596,,3128,7617,810,,,,,A,5/10/2020 10:00,2020-05-10T10:00:00Z,05/10 06:00,4979,7617,2020-05-26T00:00:00Z,25,1050,10802,388389,388389,11852,388389,139,66,bc8b197484084f6e796ddabf947537bcb2056ad4,0,0,0,0,0,
20200509,MA,76743,299794,,3229,7551,814,,,,,A,5/9/2020 12:00,2020-05-09T12:00:00Z,05/09 08:00,4840,7551,2020-05-26T00:00:00Z,25,1410,9104,376537,376537,10514,376537,138,117,24f97c444b949244217f739a6b5bfb85fbdb1a75,0,0,0,0,0,
20200508,MA,75333,290690,,3349,7434,826,,,,,A,5/8/2020 10:00,2020-05-08T10:00:00Z,05/08 06:00,4702,7434,2020-05-26T00:00:00Z,25,1612,12779,366023,366023,14391,366023,150,197,8499183e3a1764ffd43125ffab439a031561ebf3,0,0,0,0,0,
20200507,MA,73721,277911,,3436,7237,852,,,,,A,5/7/2020 12:00,2020-05-07T12:00:00Z,05/07 08:00,4552,7237,2020-05-26T00:00:00Z,25,1696,10297,351632,351632,11993,351632,132,157,a48103b8bd2b12ad947d8de81548469d49420f34,0,0,0,0,0,
20200506,MA,72025,267614,,3564,7080,922,,,,,A,5/6/2020 12:00,2020-05-06T12:00:00Z,05/06 08:00,4420,7080,2020-05-26T00:00:00Z,25,1754,4536,339639,339639,6290,339639,208,249,b439b441e5ab63413448931d5b25ddd61d8d959c,0,0,0,0,0,
20200505,MA,70271,263078,,3542,6831,914,,,,,A,5/5/2020 12:00,2020-05-05T12:00:00Z,05/05 08:00,4212,6831,2020-05-26T00:00:00Z,25,1184,7897,333349,333349,9081,333349,122,209,a28fa93ad98321ff9df88b63de0cbc82f7863f61,0,0,0,0,0,
20200504,MA,69087,255181,,3539,6622,908,,,,,A,5/4/2020 12:00,2020-05-04T12:00:00Z,05/04 08:00,4090,6622,2020-05-26T00:00:00Z,25,1000,8622,324268,324268,9622,324268,86,115,798e28c1368f31f23d0b3ccc926ca5a7f2248500,0,0,0,0,0,
20200503,MA,68087,246559,,3617,6507,904,,,,,A,5/3/2020 16:00,2020-05-03T16:00:00Z,05/03 12:00,4004,6507,2020-05-26T00:00:00Z,25,1824,13828,314646,314646,15652,314646,158,129,02b87997a4a2854ef8b03b6086eda9ca1ee83f7e,0,0,0,0,0,
20200502,MA,66263,232731,,3601,6378,921,,,,,A,5/2/2020 12:00,2020-05-02T12:00:00Z,05/02 08:00,3846,6378,2020-05-26T00:00:00Z,25,1952,7406,298994,298994,9358,298994,130,209,ee46e510f7f3cb4dc5f0cbb4fe66103c0b77c083,0,0,0,0,0,
20200501,MA,64311,225325,,3716,6169,947,,,,,A,5/1/2020 12:00,2020-05-01T12:00:00Z,05/01 08:00,3716,6169,2020-05-26T00:00:00Z,25,2106,11883,289636,289636,13989,289636,154,227,efed0458e97d2e1a18f065f20ffabe7931e145d3,0,0,0,0,0,
20200430,MA,62205,213442,,3803,5942,1001,,,,,A,4/30/2020 16:00,2020-04-30T16:00:00Z,04/30 12:00,3562,5942,2020-05-26T00:00:00Z,25,1940,8089,275647,275647,10029,275647,157,184,142df809565f013974a07175625cfba3209795e2,0,0,0,0,0,
20200429,MA,60265,205353,,3856,5758,1011,,,,,A,4/29/2020 16:00,2020-04-29T16:00:00Z,04/29 12:00,3405,5758,2020-05-26T00:00:00Z,25,1963,9155,265618,265618,11118,265618,252,243,d18b5095bba200ccfe86c9392e71e0b24212614b,0,0,0,0,0,
20200428,MA,58302,196198,,3875,5515,1005,,,,,B,4/28/2020 16:00,2020-04-28T16:00:00Z,04/28 12:00,3153,5515,2020-05-26T00:00:00Z,25,1840,7773,254500,254500,9613,254500,150,278,62bbed058368b50d9534c10070019e7becefd025,0,0,0,0,0,
20200427,MA,56462,188425,,3892,5237,1089,,,,,B,4/27/2020 16:00,2020-04-27T16:00:00Z,04/27 12:00,3003,5237,2020-05-26T00:00:00Z,25,1524,7263,244887,244887,8787,244887,104,133,07e309bafd24d2ded72c61181257d4fecc79a9e9,0,0,0,0,0,
20200426,MA,54938,181162,,3879,5104,1077,,,,,B,4/26/2020 16:00,2020-04-26T16:00:00Z,04/26 12:00,2899,5104,2020-05-26T00:00:00Z,25,1590,7665,236100,236100,9255,236100,22,139,a2138f42dd6dd0f555faca17479a14fa2e45941b,0,0,0,0,0,
20200425,MA,53348,173497,,3879,4965,1058,,,,,B,4/25/2020 16:00,2020-04-25T16:00:00Z,04/25 12:00,2877,4965,2020-05-26T00:00:00Z,25,2379,9253,226845,226845,11632,226845,0,213,b15e57a9efa94873ccf7ec6b13ca4392e097ae42,0,0,0,0,0,
20200424,MA,50969,164244,,3847,4752,1034,,,,,B,4/24/2020 12:00,2020-04-24T12:00:00Z,04/24 08:00,2877,4752,2020-05-26T00:00:00Z,25,2977,7920,215213,215213,10897,215213,108,259,d05f6de8196db986236f2e00817e47da7cd36795,0,0,0,0,0,
20200423,MA,47992,156324,,3851,4493,1034,,,,,B,4/22/2020 16:00,2020-04-22T16:00:00Z,04/22 12:00,2769,4493,2020-05-26T00:00:00Z,25,3079,11535,204316,204316,14614,204316,172,237,6139bc676a3c08112400ba00a037cfdd07830fba,0,0,0,0,0,
20200422,MA,44913,144789,,3890,4256,1050,,,,,B,4/22/2020 16:00,2020-04-22T16:00:00Z,04/22 12:00,2597,4256,2020-05-26T00:00:00Z,25,1745,3345,189702,189702,5090,189702,148,247,6297886ff72c720f776a521363c4cf006ce57c15,0,0,0,0,0,
20200421,MA,43168,141444,,3977,4009,1040,,,,,B,4/21/2020 16:00,2020-04-21T16:00:00Z,04/21 12:00,2449,4009,2020-05-26T00:00:00Z,25,1752,5398,184612,184612,7150,184612,146,137,4bd68d77f921043e91ac3fe5f83190c0d8504658,0,0,0,0,0,
20200420,MA,41416,136046,,3872,3872,987,,,,,B,4/19/2020 16:00,2020-04-19T16:00:00Z,04/19 12:00,2303,3872,2020-05-26T00:00:00Z,25,1596,6751,177462,177462,8347,177462,157,83,6f78bcb8fdd3efa4b76586dc19a65b607c34712c,0,0,0,0,0,
20200419,MA,39820,129295,,3789,3789,987,,,,,B,4/19/2020 16:00,2020-04-19T16:00:00Z,04/19 12:00,2146,3789,2020-05-26T00:00:00Z,25,2293,4691,169115,169115,6984,169115,163,61,59ddf521b3da41787b1f3042121f411bcde3a7dd,0,0,0,0,0,
20200418,MA,37527,124604,,3728,3728,987,,,,,B,4/17/2020 16:00,2020-04-17T16:00:00Z,04/17 12:00,1983,3728,2020-05-26T00:00:00Z,25,2402,7409,162131,162131,9811,162131,161,-28,99996755e40e7b2d5156bdbece9873a32a358ef9,0,0,0,0,0,
20200417,MA,35125,117195,,3756,3756,987,,,,,B,4/16/2020 10:00,2020-04-16T10:00:00Z,04/16 06:00,1822,3756,2020-05-26T00:00:00Z,25,2633,7097,152320,152320,9730,152320,155,30,ef22b70f8204ed2147a1cbac1e29a9a72911d6a4,0,0,0,0,0,
20200416,MA,32492,110098,,3726,3726,973,,,,,B,4/16/2020 10:00,2020-04-16T10:00:00Z,04/16 06:00,1667,3726,2020-05-26T00:00:00Z,25,2522,7308,142590,142590,9830,142590,165,89,c2ad5eebd388a584970a7fc1dea42f72b1e06c0d,0,0,0,0,0,
20200415,MA,29970,102790,,3637,3637,973,,,,,B,4/15/2020 10:00,2020-04-15T10:00:00Z,04/15 06:00,1502,3637,2020-05-26T00:00:00Z,25,1861,3970,132760,132760,5831,132760,173,21,2e85202b04dee91bcbfc7158412f1cad9caefe27,0,0,0,0,0,
20200414,MA,28109,98820,,3616,3616,,,,,,B,4/14/2020 10:00,2020-04-14T10:00:00Z,04/14 06:00,1329,3616,2020-05-26T00:00:00Z,25,1315,3320,126929,126929,4635,126929,118,131,cbe3e92489b067c2db6973ae2b1dfab45b511ad2,0,0,0,0,0,
20200413,MA,26794,95500,,3485,3485,,,,,,B,4/13/2020 10:00,2020-04-13T10:00:00Z,04/13 06:00,1211,3485,2020-05-26T00:00:00Z,25,1413,4037,122294,122294,5450,122294,155,971,4a6498685cbf2361696bcceb3fdc2dcf68925163,0,0,0,0,0,
20200412,MA,25381,91463,,2514,2514,,,,,,B,4/12/2020 16:00,2020-04-12T16:00:00Z,04/12 12:00,1056,2514,2020-05-26T00:00:00Z,25,2615,5348,116844,116844,7963,116844,110,7,5876467b1cfb3498c28c43d2412f009d23bcc200,0,0,0,0,0,
20200411,MA,22766,86115,,2507,2507,,,,,,B,4/11/2020 12:30,2020-04-11T12:30:00Z,04/11 08:30,946,2507,2020-05-26T00:00:00Z,25,1888,4551,108881,108881,6439,108881,114,72,302ec81ec681a3a7e018dba36c8fca8d439188a3,0,0,0,0,0,
20200410,MA,20878,81564,,2435,2435,,,,,,B,4/10/2020 12:30,2020-04-10T12:30:00Z,04/10 08:30,832,2435,2020-05-26T00:00:00Z,25,2035,5418,102442,102442,7453,102442,107,133,09c1b89994fa96bd3d6086ef2f6bea202cb992a7,0,0,0,0,0,
20200409,MA,18843,76146,,2302,2302,,,,,,B,4/9/2020 12:30,2020-04-09T12:30:00Z,04/09 08:30,725,2302,2020-05-26T00:00:00Z,25,2151,5297,94989,94989,7448,94989,110,183,fb4b4fd3ca9dc6319a7cffeb486c43bc2397199b,0,0,0,0,0,
20200408,MA,16692,70849,,2119,2119,,,,,,B,4/8/2020 12:30,2020-04-08T12:30:00Z,04/08 08:30,615,2119,2020-05-26T00:00:00Z,25,1588,4579,87541,87541,6167,87541,100,288,650e632b6e91e83f2b97adc8561e595be681e70a,0,0,0,0,0,
20200407,MA,15104,66270,,1831,1831,,,,,,B,4/7/2020 12:30,2020-04-07T12:30:00Z,04/07 08:30,515,1831,2020-05-26T00:00:00Z,25,1365,3550,81374,81374,4915,81374,67,164,ba2e57dd38d1a6100d21fea7541bab661326947d,0,0,0,0,0,
20200406,MA,13739,62720,,1667,1667,,,,,,B,4/6/2020 12:30,2020-04-06T12:30:00Z,04/06 08:30,448,1667,2020-05-26T00:00:00Z,25,1337,3155,76459,76459,4492,76459,78,35,c162bc9e1fb1b802643f89feb43f1901164672f9,0,0,0,0,0,
20200405,MA,12402,59565,,1632,1632,,,,,,B,4/5/2020 12:30,2020-04-05T12:30:00Z,04/05 08:30,370,1632,2020-05-26T00:00:00Z,25,765,2374,71967,71967,3139,71967,66,262,ea00961a60b8f1822e024f73071652f6cc78edca,0,0,0,0,0,
20200404,MA,11637,57191,,1370,1370,,,,,,B,4/4/2020 12:30,2020-04-04T12:30:00Z,04/04 08:30,304,1370,2020-05-26T00:00:00Z,25,1334,4506,68828,68828,5840,68828,39,404,fac139c50a6b520e25476711e49dfe6c34bc7ee2,0,0,0,0,0,
20200403,MA,10303,52685,,,966,,,,,,B,4/3/2020 12:30,2020-04-03T12:30:00Z,04/03 08:30,265,966,2020-05-26T00:00:00Z,25,1436,4918,62988,62988,6354,62988,36,153,809a49814c1c8b7fa1c6eb40697a5d6d9743940c,0,0,0,0,0,
20200402,MA,8867,47767,,,813,,,,,,B,4/2/2020 16:00,2020-04-02T16:00:00Z,04/02 12:00,229,813,2020-05-26T00:00:00Z,25,1228,3642,56634,56634,4870,56634,42,131,05df5a9ec1e99ded6e83f1dbda536cbf43304107,0,0,0,0,0,
20200401,MA,7639,44125,,,682,,,,,,B,3/31/2020 12:30,2020-03-31T12:30:00Z,03/31 08:30,187,682,2020-05-26T00:00:00Z,25,1118,3685,51764,51764,4803,51764,34,120,ee2116f1518481f5975a73a5e2345584ea2becd6,0,0,0,0,0,
20200331,MA,6521,40440,,,562,,,,,,B,3/31/2020 12:30,2020-03-31T12:30:00Z,03/31 08:30,153,562,2020-05-26T00:00:00Z,25,868,3274,46961,46961,4142,46961,29,109,6b4a9bad74a3a4b869d34bd93d1098eabe6e5367,0,0,0,0,0,
20200330,MA,5653,37166,,,453,,,,,,B,3/30/2020 16:15,2020-03-30T16:15:00Z,03/30 12:15,124,453,2020-05-26T00:00:00Z,25,797,2932,42819,42819,3729,42819,25,54,e576ee2017d95a8cc865d34f4c51bf1e81a3d458,0,0,0,0,0,
20200329,MA,4856,34234,,,399,,,,,,B,3/28/2020 12:30,2020-03-28T12:30:00Z,03/28 08:30,99,399,2020-05-26T00:00:00Z,25,698,3319,39090,39090,4017,39090,27,49,87ff6f95231f0d424dc6c47c03b769a1b7d0627b,0,0,0,0,0,
20200328,MA,4158,30915,,,350,,,,,,B,3/27/2020 12:30,2020-03-27T12:30:00Z,03/27 08:30,72,350,2020-05-26T00:00:00Z,25,1007,4671,35073,35073,5678,35073,15,131,8c1b8f6698a84f2cba22ba781f3f979d5fc774f9,0,0,0,0,0,
20200327,MA,3151,26244,,,219,,,,,,B,3/27/2020 12:30,2020-03-27T12:30:00Z,03/27 08:30,57,219,2020-05-26T00:00:00Z,25,833,4917,29395,29395,5750,29395,15,0,f77c18dfde5374bdbafb07e522b5ad26f45595b9,0,0,0,0,0,
20200326,MA,2318,21327,,,219,,,,,,B,3/26/2020 12:30,2020-03-26T12:30:00Z,03/26 08:30,42,219,2020-05-26T00:00:00Z,25,579,3248,23645,23645,3827,23645,9,116,250733544570375996278b8376128ea06c2eed1d,0,0,0,0,0,
20200325,MA,1739,18079,,,103,,,,,,B,3/25/2020 16:00,2020-03-25T16:00:00Z,03/25 12:00,33,103,2020-05-26T00:00:00Z,25,679,5365,19818,19818,6044,19818,7,9,392c406b46453d64e851236a09aafb05ab9adfa9,0,0,0,0,0,
20200324,MA,1060,12714,,,94,,,,,,B,3/24/2020 12:30,2020-03-24T12:30:00Z,03/24 08:30,26,94,2020-05-26T00:00:00Z,25,382,4451,13774,13774,4833,13774,9,15,9c5f0ec8edbececc39ec6494270ac066f00f8e2c,0,0,0,0,0,
20200323,MA,678,8263,,,79,,,,,,B,3/23/2020 12:30,2020-03-23T12:30:00Z,03/23 08:30,17,79,2020-05-26T00:00:00Z,25,131,2787,8941,8941,2918,8941,6,8,770e7dba30f13535aab23c8ff22d421fb4d37ed4,0,0,0,0,0,
20200322,MA,547,5476,,,71,,,,,,,3/22/2020 16:00,2020-03-22T16:00:00Z,03/22 12:00,11,71,2020-05-26T00:00:00Z,25,121,677,6023,6023,798,6023,4,10,fe9343c9d808dcbd3341262053c8d2c31a45f966,0,0,0,0,0,
20200321,MA,426,4799,,,61,,,,,,,3/21/2020 16:00,2020-03-21T16:00:00Z,03/21 12:00,7,61,2020-05-26T00:00:00Z,25,112,1004,5225,5225,1116,5225,2,61,06de00d6de06175e1b846cb984359837b53bed33,0,0,0,0,0,
20200320,MA,314,3795,,,,,,,,,,3/20/2020 16:00,2020-03-20T16:00:00Z,03/20 12:00,5,,2020-05-26T00:00:00Z,25,85,877,4109,4109,962,4109,2,0,fc8b1756714a6c4ecf5a6315bc80929ed4bee16f,0,0,0,0,0,
20200319,MA,229,2918,,,,,,,,,,3/19/2020 11:30,2020-03-19T11:30:00Z,03/19 07:30,3,,2020-05-26T00:00:00Z,25,73,803,3147,3147,876,3147,1,0,a8f4829c85974b6c70ff1c9c5240af1ca2e2d367,0,0,0,0,0,
20200318,MA,156,2115,,,,,,,,,,3/18/2020 16:00,2020-03-18T16:00:00Z,03/18 12:00,2,,2020-05-26T00:00:00Z,25,38,482,2271,2271,520,2271,2,0,ca35cce3b9a5a0909d00d0694380968b40d99c95,0,0,0,0,0,
20200317,MA,118,1633,,,,,,,,,,3/16/2020 16:00,2020-03-16T16:00:00Z,03/16 12:00,,,2020-05-26T00:00:00Z,25,21,434,1751,1751,455,1751,0,0,8c801b1318b70c3a959ae8f918c83e664cffc344,0,0,0,0,0,
20200316,MA,97,1199,,,,,,,,,,3/16/2020 15:48,2020-03-16T15:48:00Z,03/16 11:48,,,2020-05-26T00:00:00Z,25,33,615,1296,1296,648,1296,0,0,feea5f814a638b61f09da52a8e9539dd2092d2e1,0,0,0,0,0,
20200315,MA,64,584,,,,,,,,,,3/14/2020 16:00,2020-03-14T16:00:00Z,03/14 12:00,,,2020-05-26T00:00:00Z,25,26,584,648,648,610,648,0,0,86529683f63ee9fde68ba396e7c077dda26d3aed,0,0,0,0,0,
20200314,MA,38,,,,,,,,,,,3/14/2020 16:00,2020-03-14T16:00:00Z,03/14 12:00,,,2020-05-26T00:00:00Z,25,15,0,38,38,15,38,0,0,422bb1936eb95ac87939aa7f64b5efef70c94363,0,0,0,0,0,
20200313,MA,23,,,,,,,,,,,3/13/2020 16:00,2020-03-13T16:00:00Z,03/13 12:00,,,2020-05-26T00:00:00Z,25,15,0,23,23,15,23,0,0,4bd32f19dd4e619f8c40da6b0633bd86e20a77e2,0,0,0,0,0,
20200312,MA,8,,,,,,,,,,,3/11/2020 00:00,2020-03-11T00:00:00Z,03/10 20:00,,,2020-05-26T00:00:00Z,25,0,0,8,8,0,8,0,0,3bc06bdc4697c506515f3d20342dd4ed2da8c504,0,0,0,0,0,
