date,state,positive,negative,pending,hospitalizedCurrently,hospitalizedCumulative,inIcuCurrently,inIcuCumulative,onVentilatorCurrently,onVentilatorCumulative,recovered,dataQualityGrade,lastUpdateEt,dateModified,checkTimeEt,death,hospitalized,dateChecked,totalTestsViral,positiveTestsViral,negativeTestsViral,positiveCasesViral,fips,positiveIncrease,negativeIncrease,total,totalTestResults,totalTestResultsIncrease,posNeg,deathIncrease,hospitalizedIncrease,hash,commercialScore,negativeRegularScore,negativeScore,positiveScore,score,grade
20200617,MA,106151,625895,,998,10925,227,,135,,,A+,6/17/2020 10:00,2020-06-17T10:00:00Z,06/17 06:00,7734,10925,2020-06-17T10:00:00Z,914751,,,101654,25,266,8133,732046,732046,8399,732046,69,58,d6b1e23207e0bd7bcfab70f340f954f523ad557c,0,0,0,0,0,
20200616,MA,105885,617762,,1045,10867,244,,151,,,A+,6/16/2020 10:00,2020-06-16T10:00:00Z,06/16 06:00,7665,10867,2020-06-16T10:00:00Z,903422,,,101474,25,195,6221,723647,723647,6416,723647,18,50,213ec2f47a273cf2e3b3594cdc67924e566067bb,0,0,0,0,0,
20200615,MA,105690,611541,,1026,10817,253,,167,,,A+,6/15/2020 16:00,2020-06-15T16:00:00Z,06/15 12:00,7647,10817,2020-06-15T16:00:00Z,,,,101334,25,87,4434,717231,717231,4521,717231,23,15,ad6c8459aec846e28722e1a599bfc8f14c95e48b,0,0,0,0,0,
20200614,MA,105603,607107,,1039,10802,244,,156,,,A+,6/14/2020 10:00,2020-06-14T10:00:00Z,06/14 06:00,7624,10802,2020-06-14T10:00:00Z,,,,101276,25,208,8906,712710,712710,9114,712710,48,30,5cff67e031a1dc0b079d9af1e0af56f1de2755ae,0,0,0,0,0,
20200613,MA,105395,598201,,1069,10772,249,,162,,,A+,6/13/2020 10:00,2020-06-13T10:00:00Z,06/13 06:00,7576,10772,2020-06-13T10:00:00Z,,,,101070,25,336,9901,703596,703596,10237,703596,38,46,808f0711af07248b12ea8bc421138d970f4dcb13,0,0,0,0,0,
20200612,MA,105059,588300,,1143,10726,276,,170,,,A+,6/12/2020 10:00,2020-06-12T10:00:00Z,06/12 06:00,7538,10726,2020-06-12T10:00:00Z,,,,100811,25,392,9879,693359,693359,10271,693359,46,72,025c032ac8e1dc8570101aca0b3b9a8c15b7f303,0,0,0,0,0,
20200611,MA,104667,578421,,1260,10654,296,,181,,,A+,6/11/2020 10:00,2020-06-11T10:00:00Z,06/11 06:00,7492,10654,2020-06-11T10:00:00Z,,,,100504,25,511,10487,683088,683088,10998,683088,38,72,fb59d055cd7ad9f64708f27b97f6d6ce297133cc,0,0,0,0,0,
20200610,MA,104156,567934,,1345,10582,319,,200,,,A+,6/10/2020 10:00,2020-06-10T10:00:00Z,06/10 06:00,7454,10582,2020-06-10T10:00:00Z,,,,100158,25,267,9831,672090,672090,10098,672090,46,75,9ba39d36dae7e4c2e2f841f9de21dff196e6ce84,0,0,0,0,0,
20200609,MA,103889,558103,,1397,10507,315,,202,,,A+,6/9/2020 10:00,2020-06-09T10:00:00Z,06/09 06:00,7408,10507,2020-06-09T10:00:00Z,,,,99955,25,263,4460,661992,661992,4723,661992,55,82,1926ffe04edc9ef02d48b23ab60058c6174737cf,0,0,0,0,0,
20200608,MA,103626,553643,,1415,10425,322,,209,,,A+,6/8/2020 10:00,2020-06-08T10:00:00Z,06/08 06:00,7353,10425,2020-06-08T10:00:00Z,,,,99755,25,190,4589,657269,657269,4779,657269,37,32,5b8790f4564fda0069b28f1313fa72f8a298ea02,0,0,0,0,0,
20200607,MA,103436,549054,,1442,10393,335,,221,,,A+,6/7/2020 10:00,2020-06-07T10:00:00Z,06/07 06:00,7316,10393,2020-06-07T10:00:00Z,,,,99562,25,304,7547,652490,652490,7851,652490,27,24,98d5837a8776b13250fe9521b13ad5331879a572,0,0,0,0,0,
20200606,MA,103132,541507,,1529,10369,359,,238,,,A+,6/6/2020 10:00,2020-06-06T10:00:00Z,06/06 06:00,7289,10369,2020-06-06T10:00:00Z,,,,99301,25,575,9295,644639,644639,9870,644639,54,66,67a53e3a98e828f66087cd0612e01bbd791843dd,0,0,0,0,0,
20200605,MA,102557,532212,,1533,10303,350,,238,,,A+,6/5/2020 10:00,2020-06-05T10:00:00Z,06/05 06:00,7235,10303,2020-06-05T10:00:00Z,,,,98796,25,494,9340,634769,634769,9834,634769,34,65,fd5faee5194d7ee739630803db0f9ba638040db8,0,0,0,0,0,
20200604,MA,102063,522872,,1637,10238,401,,249,,,A+,6/4/2020 10:00,2020-06-04T10:00:00Z,06/04 06:00,7201,10238,2020-06-04T10:00:00Z,,,,98376,25,471,6703,624935,624935,7174,624935,49,87,151145a77ad340bf67b283243b9c67f391e1ba3a,0,0,0,0,0,
20200603,MA,101592,516169,,1684,10151,393,,263,,,A+,6/3/2020 10:00,2020-06-03T10:00:00Z,06/03 06:00,7152,10151,2020-06-03T10:00:00Z,,,,97964,25,429,7937,617761,617761,8366,617761,67,88,a8c6002d7e0c9f2a7ca67a68808af60c42993706,0,0,0,0,0,
20200602,MA,101163,508232,,1657,10063,394,,269,,,A+,6/2/2020 10:00,2020-06-02T10:00:00Z,06/02 06:00,7085,10063,2020-06-02T10:00:00Z,,,,97539,25,358,5604,609395,609395,5962,609395,50,111,74d95815b5617f2299ecd844564cdb3f2ec7e9b3,0,0,0,0,0,
20200601,MA,100805,502628,,1747,9952,404,,289,,,A,5/31/2020 10:00,2020-05-31T10:00:00Z,05/31 06:00,7035,9952,2020-05-31T10:00:00Z,,,,97291,25,3840,6740,603433,603433,10580,603433,189,129,dc9733d772a38ed8c568f4bfa1e3334d54617f82,0,0,0,0,0,
20200531,MA,96965,495888,,1824,9823,436,,,,,A,5/31/2020 10:00,2020-05-31T10:00:00Z,05/31 06:00,6846,9823,2020-05-31T10:00:00Z,,,,96965,25,664,9670,592853,592853,10334,592853,78,34,54c12f90855a3908c6c6b2a830942b724e241c24,0,0,0,0,0,
20200530,MA,96301,486218,,1904,9789,453,,,,,A,5/30/2020 10:00,2020-05-30T10:00:00Z,05/30 06:00,6768,9789,2020-05-30T10:00:00Z,,,,96301,25,789,9985,582519,582519,10774,582519,50,64,945dfc1383b0228ba816f9b15582ddc4a0c536d1,0,0,0,0,0,
20200529,MA,95512,476233,,1991,9725,485,,,,,A,5/29/2020 16:00,2020-05-29T16:00:00Z,05/29 12:00,6718,9725,2020-05-29T16:00:00Z,,,,95512,25,617,8805,571745,571745,9422,571745,78,107,c54e7f5c3f3889d4b5d3d40efe17b889244f6103,0,0,0,0,0,
20200528,MA,94895,467428,,2112,9618,529,,,,,A,5/28/2020 10:00,2020-05-28T10:00:00Z,05/28 06:00,6640,9618,2020-05-28T10:00:00Z,,,,94895,25,675,9504,562323,562323,10179,562323,93,126,88fd7738b1ea7389a30f4b4a8cbca881179aa242,0,0,0,0,0,
20200527,MA,94220,457924,,2106,9492,556,,,,,A,5/27/2020 10:00,2020-05-27T10:00:00Z,05/27 06:00,6547,9492,2020-05-27T10:00:00Z,,,,93693,25,527,6136,552144,552144,6663,552144,74,104,5e69d851d29ff22ff5e51c09d8ab8312d019b4b1,0,0,0,0,0,
20200526,MA,93693,451788,,2108,9388,560,,,,,A,5/26/2020 10:00,2020-05-26T10:00:00Z,05/26 06:00,6473,9388,2020-05-26T10:00:00Z,,,,93693,25,422,4498,545481,545481,4920,545481,57,49,c3ffea28b0ceef1d7e49b9ba11782c22a0082487,0,0,0,0,0,
20200525,MA,93271,447290,,2132,9339,576,,,,,A,5/25/2020 10:00,2020-05-25T10:00:00Z,05/25 06:00,6416,9339,2020-05-25T10:00:00Z,,,,93271,25,596,7592,540561,540561,8188,540561,44,31,5679aa9468c459c3227b28b874d1fb791661328e,0,0,0,0,0,
20200524,MA,92675,439698,,2169,9308,558,,,,,A,5/24/2020 10:00,2020-05-24T10:00:00Z,05/24 06:00,6372,9308,2020-05-24T10:00:00Z,,,,92675,25,1013,10374,532373,532373,11387,532373,68,48,390e5588e2d53b6e6ff7889beaa01e456ed1fcfc,0,0,0,0,0,
20200523,MA,91662,429324,,2237,9260,610,,,,,A,5/23/2020 10:00,2020-05-23T10:00:00Z,05/23 06:00,6304,9260,2020-05-23T10:00:00Z,,,,91662,25,773,8569,520986,520986,9342,520986,76,98,8f1c4264f5a85986fb26ab752445c565ce5df9f9,0,0,0,0,0,
20200522,MA,90889,420755,,2323,9162,628,,,,,A,5/22/2020 10:00,2020-05-22T10:00:00Z,05/22 06:00,6228,9162,2020-05-22T10:00:00Z,,,,90889,25,805,9353,511644,511644,10158,511644,80,122,9eb7ca63d9f176db792cf415bd2e75230cabcd92,0,0,0,0,0,
20200521,MA,90084,411402,,2396,9040,647,,,,,A,5/21/2020 10:00,2020-05-21T10:00:00Z,05/21 06:00,6148,9040,2020-05-21T10:00:00Z,,,,90084,25,1114,10419,501486,501486,11533,501486,82,143,92f47a3f4dc467bc122767fb0c09613fab8cafa2,0,0,0,0,0,
20200520,MA,88970,400983,,2518,8897,675,,,,,A,5/20/2020 10:00,2020-05-20T10:00:00Z,05/20 06:00,6066,8897,2020-05-20T10:00:00Z,,,,88970,25,1045,11968,489953,489953,13013,489953,128,131,1152c7ef19f45bfcf3cd22f6d18ee2937fb94dcf,0,0,0,0,0,
20200519,MA,87925,389015,,2472,8766,672,,,,,A+,5/19/2020 10:00,2020-05-19T10:00:00Z,05/19 06:00,5938,8766,2020-05-19T10:00:00Z,,,,87925,25,1915,14199,476940,476940,16114,476940,141,227,8538e43a472845495ff7f0a3171bc8cea4c302fb,0,0,0,0,0,
20200518,MA,86010,374816,,2597,8539,702,,,,,A+,5/17/2020 10:00,2020-05-17T10:00:00Z,05/17 06:00,5797,8539,2020-05-17T10:00:00Z,,,,86010,25,0,0,460826,460826,0,460826,0,0,3208e87c03a7b99acd0a1ada9815613f9eabd145,0,0,0,0,0,
20200517,MA,86010,374816,,2597,8539,702,,,,,A+,5/17/2020 10:00,2020-05-17T10:00:00Z,05/17 06:00,5797,8539,2020-05-17T10:00:00Z,,,,86010,25,1077,11660,460826,460826,12737,460826,92,83,89ae75c55768f73a2bef2f3b1a2ab3b4fd17d4fc,0,0,0,0,0,
20200516,MA,84933,363156,,2692,8456,747,,,,,A+,5/16/2020 10:00,2020-05-16T10:00:00Z,05/16 06:00,5705,8456,2020-05-16T10:00:00Z,,,,84933,25,1512,10898,448089,448089,12410,448089,113,142,b97a9132640ee4a3a8e6ef93e0dec7d7519fd333,0,0,0,0,0,
20200515,MA,83421,352258,,2767,8314,749,,,,,A+,5/14/2020 10:00,2020-05-14T10:00:00Z,05/14 06:00,5592,8314,2020-05-14T10:00:00Z,,,,83421,25,1239,10079,435679,435679,11318,435679,110,107,6f9e8f18e23ebe172ce7ddaa8445bc1f29df2fec,0,0,0,0,0,
20200514,MA,82182,342179,,2859,8207,781,,,,,A+,5/13/2020 10:00,2020-05-13T10:00:00Z,05/13 06:00,5482,8207,2020-05-13T10:00:00Z,,,,82182,25,1685,12644,424361,424361,14329,424361,167,175,c59731e25402d731b1b3c342903b2146e63a8250,0,0,0,0,0,
20200513,MA,80497,329535,,3101,8032,794,,,,,A+,5/13/2020 10:00,2020-05-13T10:00:00Z,05/13 06:00,5315,8032,2020-05-13T10:00:00Z,,,,80497,25,1165,7371,410032,410032,8536,410032,174,190,61bb4e351301ebebdd0a5c35f6a79fb4f0ff12f8,0,0,0,0,0,
20200512,MA,79332,322164,,3127,7842,818,,,,,A+,5/12/2020 10:00,2020-05-12T10:00:00Z,05/12 06:00,5141,7842,2020-05-12T10:00:00Z,,,,79332,25,870,5898,401496,401496,6768,401496,33,110,181067c9b89646c5067931cf7b3d85973c69cbf7,0,0,0,0,0,
20200511,MA,78462,316266,,3102,7732,813,,,,,A,5/11/2020 10:00,2020-05-11T10:00:00Z,05/11 06:00,5108,7732,2020-05-11T10:00:00Z,,,,78462,25,669,5670,394728,394728,6339,394728,129,115,e5816863b91d9d05d07eaec0e8cda6d8e0d638f4,0,0,0,0,0,
20200510,MA,77793,310596,,3128,7617,810,,,,,A,5/10/2020 10:00,2020-05-10T10:00:00Z,05/10 06:00,4979,7617,2020-05-10T10:00:00Z,,,,77793,25,1050,10802,388389,388389,11852,388389,139,66,684a5cce166e758f3ac1fc86242279cdf3fba1db,0,0,0,0,0,
20200509,MA,76743,299794,,3229,7551,814,,,,,A,5/9/2020 12:00,2020-05-09T12:00:00Z,05/09 08:00,4840,7551,2020-05-09T12:00:00Z,,,,76743,25,1410,9104,376537,376537,10514,376537,138,117,da64ce03086ae324f0c221e0fcfbc145bc00498c,0,0,0,0,0,
20200508,MA,75333,290690,,3349,7434,826,,,,,A,5/8/2020 10:00,2020-05-08T10:00:00Z,05/08 06:00,4702,7434,2020-05-08T10:00:00Z,,,,75333,25,1612,12779,366023,366023,14391,366023,150,197,2013f8d33944811603fbeb4f447d2de01c6d832d,0,0,0,0,0,
20200507,MA,73721,277911,,3436,7237,852,,,,,A,5/7/2020 12:00,2020-05-07T12:00:00Z,05/07 08:00,4552,7237,2020-05-07T12:00:00Z,,,,73721,25,1696,10297,351632,351632,11993,351632,132,157,1cdb30383ede6039b01f9f958c74ee3b7523a13b,0,0,0,0,0,
20200506,MA,72025,267614,,3564,7080,922,,,,,A,5/6/2020 12:00,2020-05-06T12:00:00Z,05/06 08:00,4420,7080,2020-05-06T12:00:00Z,,,,72025,25,1754,4536,339639,339639,6290,339639,208,249,d0855c56f984332f78af54674b68ac4b88de7add,0,0,0,0,0,
20200505,MA,70271,263078,,3542,6831,914,,,,,A,5/5/2020 12:00,2020-05-05T12:00:00Z,05/05 08:00,4212,6831,2020-05-05T12:00:00Z,,,,70271,25,1184,7897,333349,333349,9081,333349,122,209,ead8672de84e110bb968fb30fb43e1e4ba9c77fe,0,0,0,0,0,
20200504,MA,69087,255181,,3539,6622,908,,,,,A,5/4/2020 12:00,2020-05-04T12:00:00Z,05/04 08:00,4090,6622,2020-05-04T12:00:00Z,,,,69087,25,1000,8622,324268,324268,9622,324268,86,115,5148a720e3d13a0af22d8ff17a7b62495f7756e8,0,0,0,0,0,
20200503,MA,68087,246559,,3617,6507,904,,,,,A,5/3/2020 16:00,2020-05-03T16:00:00Z,05/03 12:00,4004,6507,2020-05-03T16:00:00Z,,,,68087,25,1824,13828,314646,314646,15652,314646,158,129,625814219b57ef3119e48e1b0b33e48aed016365,0,0,0,0,0,
20200502,MA,66263,232731,,3601,6378,921,,,,,A,5/2/2020 12:00,2020-05-02T12:00:00Z,05/02 08:00,3846,6378,2020-05-02T12:00:00Z,,,,66263,25,1952,7406,298994,298994,9358,298994,130,209,92605cc003b4f5bd97afbf1e8cfb86d416554668,0,0,0,0,0,
20200501,MA,64311,225325,,3716,6169,947,,,,,A,5/1/2020 12:00,2020-05-01T12:00:00Z,05/01 08:00,3716,6169,2020-05-01T12:00:00Z,,,,64311,25,2106,11883,289636,289636,13989,289636,154,227,fec988d5b6dca50e70bea80c7ab275bf3d97918b,0,0,0,0,0,
20200430,MA,62205,213442,,3803,5942,1001,,,,,A,4/30/2020 16:00,2020-04-30T16:00:00Z,04/30 12:00,3562,5942,2020-04-30T16:00:00Z,,,,62205,25,1940,8089,275647,275647,10029,275647,157,184,9d2bf8c2c6ce270fe3a42755b8e0545633513483,0,0,0,0,0,
20200429,MA,60265,205353,,3856,5758,1011,,,,,A,4/29/2020 16:00,2020-04-29T16:00:00Z,04/29 12:00,3405,5758,2020-04-29T16:00:00Z,,,,60265,25,1963,9155,265618,265618,11118,265618,252,243,7cb29d5a371741939075866b0e24a673c7065f1e,0,0,0,0,0,
20200428,MA,58302,196198,,3875,5515,1005,,,,,B,4/28/2020 16:00,2020-04-28T16:00:00Z,04/28 12:00,3153,5515,2020-04-28T16:00:00Z,,,,,25,1840,7773,254500,254500,9613,254500,150,278,251f940ba404610d4206453e4492d89b9e2f8e57,0,0,0,0,0,
20200427,MA,56462,188425,,3892,5237,1089,,,,,B,4/27/2020 16:00,2020-04-27T16:00:00Z,04/27 12:00,3003,5237,2020-04-27T16:00:00Z,,,,,25,1524,7263,244887,244887,8787,244887,104,133,7d05db1f9b62481df76da5f4caea361d179f9fc5,0,0,0,0,0,
20200426,MA,54938,181162,,3879,5104,1077,,,,,B,4/26/2020 16:00,2020-04-26T16:00:00Z,04/26 12:00,2899,5104,2020-04-26T16:00:00Z,,,,,25,1590,7665,236100,236100,9255,236100,22,139,19b6be6e3f4ce38ff9d5e6f73d190daafcc7a8e3,0,0,0,0,0,
20200425,MA,53348,173497,,3879,4965,1058,,,,,B,4/25/2020 16:00,2020-04-25T16:00:00Z,04/25 12:00,2877,4965,2020-04-25T16:00:00Z,,,,,25,2379,9253,226845,226845,11632,226845,0,213,55c43b08643a08f2d6c37b92defe317a3f4ac854,0,0,0,0,0,
20200424,MA,50969,164244,,3847,4752,1034,,,,,B,4/24/2020 12:00,2020-04-24T12:00:00Z,04/24 08:00,2877,4752,2020-04-24T12:00:00Z,,,,,25,2977,7920,215213,215213,10897,215213,108,259,44c62f77fcc8e2ef675af7530ec0e99bf2ca9882,0,0,0,0,0,
20200423,MA,47992,156324,,3851,4493,1034,,,,,B,4/22/2020 16:00,2020-04-22T16:00:00Z,04/22 12:00,2769,4493,2020-04-22T16:00:00Z,,,,,25,3079,11535,204316,204316,14614,204316,172,237,42d3def9c1a57699a939466434f85b42b2c9010c,0,0,0,0,0,
20200422,MA,44913,144789,,3890,4256,1050,,,,,B,4/22/2020 16:00,2020-04-22T16:00:00Z,04/22 12:00,2597,4256,2020-04-22T16:00:00Z,,,,,25,1745,3345,189702,189702,5090,189702,148,247,22109cdeee852089d20349807fbc81b97e0641c6,0,0,0,0,0,
20200421,MA,43168,141444,,3977,4009,1040,,,,,B,4/21/2020 16:00,2020-04-21T16:00:00Z,04/21 12:00,2449,4009,2020-04-21T16:00:00Z,,,,,25,1752,5398,184612,184612,7150,184612,146,137,d917c75f499b532ae87d1431d76f8dcf7a85d97d,0,0,0,0,0,
20200420,MA,41416,136046,,3872,3872,987,,,,,B,4/19/2020 16:00,2020-04-19T16:00:00Z,04/19 12:00,2303,3872,2020-04-19T16:00:00Z,,,,,25,1596,6751,177462,177462,8347,177462,157,83,d9780a0cf5f6a09db9a6469e7a2ded68fc63f4d7,0,0,0,0,0,
20200419,MA,39820,129295,,3789,3789,987,,,,,B,4/19/2020 16:00,2020-04-19T16:00:00Z,04/19 12:00,2146,3789,2020-04-19T16:00:00Z,,,,,25,2293,4691,169115,169115,6984,169115,163,61,e189e96d024d46073b1a0e8b35d6323518e4f9a9,0,0,0,0,0,
20200418,MA,37527,124604,,3728,3728,987,,,,,B,4/17/2020 16:00,2020-04-17T16:00:00Z,04/17 12:00,1983,3728,2020-04-17T16:00:00Z,,,,,25,2402,7409,162131,162131,9811,162131,161,-28,8b29dc1db4928a2a0807a5a9bcbfc08d86ede1f8,0,0,0,0,0,
20200417,MA,35125,117195,,3756,3756,987,,,,,B,4/16/2020 10:00,2020-04-16T10:00:00Z,04/16 06:00,1822,3756,2020-04-16T10:00:00Z,,,,,25,2633,7097,152320,152320,9730,152320,155,30,b23cfd503f5aefd36107282146b9dc2938a986ce,0,0,0,0,0,
20200416,MA,32492,110098,,3726,3726,973,,,,,B,4/16/2020 10:00,2020-04-16T10:00:00Z,04/16 06:00,1667,3726,2020-04-16T10:00:00Z,,,,,25,2522,7308,142590,142590,9830,142590,165,89,d56ce4c78732278b6d439d7e9d9f8c933bd890e2,0,0,0,0,0,
20200415,MA,29970,102790,,3637,3637,973,,,,,B,4/15/2020 10:00,2020-04-15T10:00:00Z,04/15 06:00,1502,3637,2020-04-15T10:00:00Z,,,,,25,1861,3970,132760,132760,5831,132760,173,21,600b3a9e404bb9f3627336bd0f38ff2a0d445a82,0,0,0,0,0,
20200414,MA,28109,98820,,3616,3616,,,,,,B,4/14/2020 10:00,2020-04-14T10:00:00Z,04/14 06:00,1329,3616,2020-04-14T10:00:00Z,,,,,25,1315,3320,126929,126929,4635,126929,118,131,2c5294cf16b253fa61da6fd23ea5ed24e9117689,0,0,0,0,0,
20200413,MA,26794,95500,,3485,3485,,,,,,B,4/13/2020 10:00,2020-04-13T10:00:00Z,04/13 06:00,1211,3485,2020-04-13T10:00:00Z,,,,,25,1413,4037,122294,122294,5450,122294,155,971,f8ab4d2efb1ef203f3baa78ed0661a8d202dbc16,0,0,0,0,0,
20200412,MA,25381,91463,,2514,2514,,,,,,B,4/12/2020 16:00,2020-04-12T16:00:00Z,04/12 12:00,1056,2514,2020-04-12T16:00:00Z,,,,,25,2615,5348,116844,116844,7963,116844,110,7,09f578d23e435e0fd6b6b8d7657cf08a9aa935fe,0,0,0,0,0,
20200411,MA,22766,86115,,2507,2507,,,,,,B,4/11/2020 12:30,2020-04-11T12:30:00Z,04/11 08:30,946,2507,2020-04-11T12:30:00Z,,,,,25,1888,4551,108881,108881,6439,108881,114,72,0659a5b9f5789be5ef1dec7facc98376810cffff,0,0,0,0,0,
20200410,MA,20878,81564,,2435,2435,,,,,,B,4/10/2020 12:30,2020-04-10T12:30:00Z,04/10 08:30,832,2435,2020-04-10T12:30:00Z,,,,,25,2035,5418,102442,102442,7453,102442,107,133,760036a63caf9cc243d3a2332537f00fcf3cbe12,0,0,0,0,0,
20200409,MA,18843,76146,,2302,2302,,,,,,B,4/9/2020 12:30,2020-04-09T12:30:00Z,04/09 08:30,725,2302,2020-04-09T12:30:00Z,,,,,25,2151,5297,94989,94989,7448,94989,110,183,828fab98bfea065750a4a616e2f43fcb9882c89e,0,0,0,0,0,
20200408,MA,16692,70849,,2119,2119,,,,,,B,4/8/2020 12:30,2020-04-08T12:30:00Z,04/08 08:30,615,2119,2020-04-08T12:30:00Z,,,,,25,1588,4579,87541,87541,6167,87541,100,288,5fea1e7a5a13c612ed7b0b4e4a45847c6b225a5d,0,0,0,0,0,
20200407,MA,15104,66270,,1831,1831,,,,,,B,4/7/2020 12:30,2020-04-07T12:30:00Z,04/07 08:30,515,1831,2020-04-07T12:30:00Z,,,,,25,1365,3550,81374,81374,4915,81374,67,164,964e6e27f47b75f6853ecb1f267d004a6cf6c020,0,0,0,0,0,
20200406,MA,13739,62720,,1667,1667,,,,,,B,4/6/2020 12:30,2020-04-06T12:30:00Z,04/06 08:30,448,1667,2020-04-06T12:30:00Z,,,,,25,1337,3155,76459,76459,4492,76459,78,35,613c56fe42dc228e3b907caf7f72f7fe83f0914b,0,0,0,0,0,
20200405,MA,12402,59565,,1632,1632,,,,,,B,4/5/2020 12:30,2020-04-05T12:30:00Z,04/05 08:30,370,1632,2020-04-05T12:30:00Z,,,,,25,765,2374,71967,71967,3139,71967,66,262,87c3870e51a03ac2f0878f125bf5ec0b91d49380,0,0,0,0,0,
20200404,MA,11637,57191,,1370,1370,,,,,,B,4/4/2020 12:30,2020-04-04T12:30:00Z,04/04 08:30,304,1370,2020-04-04T12:30:00Z,,,,,25,1334,4506,68828,68828,5840,68828,39,404,a17d620c7acef2b835be9269782f316986c95705,0,0,0,0,0,
20200403,MA,10303,52685,,,966,,,,,,B,4/3/2020 12:30,2020-04-03T12:30:00Z,04/03 08:30,265,966,2020-04-03T12:30:00Z,,,,,25,1436,4918,62988,62988,6354,62988,36,153,a22838d35ad3919dfb99f77edad890b676bdb085,0,0,0,0,0,
20200402,MA,8867,47767,,,813,,,,,,B,4/2/2020 16:00,2020-04-02T16:00:00Z,04/02 12:00,229,813,2020-04-02T16:00:00Z,,,,,25,1228,3642,56634,56634,4870,56634,42,131,04c6fd380f7d1113403fdf787fa1172a582562fc,0,0,0,0,0,
20200401,MA,7639,44125,,,682,,,,,,B,3/31/2020 12:30,2020-03-31T12:30:00Z,03/31 08:30,187,682,2020-03-31T12:30:00Z,,,,,25,1118,3685,51764,51764,4803,51764,34,120,41cadc011d02f13c192c69ef2e13ed9d089cdb6c,0,0,0,0,0,
20200331,MA,6521,40440,,,562,,,,,,B,3/31/2020 12:30,2020-03-31T12:30:00Z,03/31 08:30,153,562,2020-03-31T12:30:00Z,,,,,25,868,3274,46961,46961,4142,46961,29,109,bb48c0b630dbc955259fdadd56e74e2ffc4449fa,0,0,0,0,0,
20200330,MA,5653,37166,,,453,,,,,,B,3/30/2020 16:15,2020-03-30T16:15:00Z,03/30 12:15,124,453,2020-03-30T16:15:00Z,,,,,25,797,2932,42819,42819,3729,42819,25,54,55e63af0162a315b919dc18c6e6f8be9cf51c794,0,0,0,0,0,
20200329,MA,4856,34234,,,399,,,,,,B,3/28/2020 12:30,2020-03-28T12:30:00Z,03/28 08:30,99,399,2020-03-28T12:30:00Z,,,,,25,698,3319,39090,39090,4017,39090,27,49,20ba76cb617863e47c23a74058cbdaa8c48cba3a,0,0,0,0,0,
20200328,MA,4158,30915,,,350,,,,,,B,3/27/2020 12:30,2020-03-27T12:30:00Z,03/27 08:30,72,350,2020-03-27T12:30:00Z,,,,,25,1007,4671,35073,35073,5678,35073,15,131,93dd33f6a772b0e58a52df7c0aaa153ddb1c1680,0,0,0,0,0,
20200327,MA,3151,26244,,,219,,,,,,B,3/27/2020 12:30,2020-03-27T12:30:00Z,03/27 08:30,57,219,2020-03-27T12:30:00Z,,,,,25,833,4917,29395,29395,5750,29395,15,0,f14d47e3c3be7dd50ceef0a1f934b9bfbd80410e,0,0,0,0,0,
20200326,MA,2318,21327,,,219,,,,,,B,3/26/2020 12:30,2020-03-26T12:30:00Z,03/26 08:30,42,219,2020-03-26T12:30:00Z,,,,,25,579,3248,23645,23645,3827,23645,9,116,e8181c7fd450089da15e485511cd5cd285c3db83,0,0,0,0,0,
20200325,MA,1739,18079,,,103,,,,,,B,3/25/2020 16:00,2020-03-25T16:00:00Z,03/25 12:00,33,103,2020-03-25T16:00:00Z,,,,,25,679,5365,19818,19818,6044,19818,7,9,22e28ccac8ad04f8dbddfd629953c32b5a6bb0d3,0,0,0,0,0,
20200324,MA,1060,12714,,,94,,,,,,B,3/24/2020 12:30,2020-03-24T12:30:00Z,03/24 08:30,26,94,2020-03-24T12:30:00Z,,,,,25,382,4451,13774,13774,4833,13774,9,15,6a759bdf07f72c7d49d032ba1b16a74e3d980d98,0,0,0,0,0,
20200323,MA,678,8263,,,79,,,,,,B,3/23/2020 12:30,2020-03-23T12:30:00Z,03/23 08:30,17,79,2020-03-23T12:30:00Z,,,,,25,131,2787,8941,8941,2918,8941,6,8,4a8d4dea1e94b3164458b178ac43f25e7da45d90,0,0,0,0,0,
20200322,MA,547,5476,,,71,,,,,,,3/22/2020 16:00,2020-03-22T16:00:00Z,03/22 12:00,11,71,2020-03-22T16:00:00Z,,,,,25,121,677,6023,6023,798,6023,4,10,6c78619f9542b9a0f4ad813f44f94612eb1fcf1f,0,0,0,0,0,
20200321,MA,426,4799,,,61,,,,,,,3/21/2020 16:00,2020-03-21T16:00:00Z,03/21 12:00,7,61,2020-03-21T16:00:00Z,,,,,25,112,1004,5225,5225,1116,5225,2,61,e1457caff3bac90c8b35052069836d3597bc7b67,0,0,0,0,0,
20200320,MA,314,3795,,,,,,,,,,3/20/2020 16:00,2020-03-20T16:00:00Z,03/20 12:00,5,,2020-03-20T16:00:00Z,,,,,25,85,877,4109,4109,962,4109,2,0,1e164b07bff65d95598a9780af7150e0da820920,0,0,0,0,0,
20200319,MA,229,2918,,,,,,,,,,3/19/2020 11:30,2020-03-19T11:30:00Z,03/19 07:30,3,,2020-03-19T11:30:00Z,,,,,25,73,803,3147,3147,876,3147,1,0,48f070be3d5ee179166841d19ae3227e6b974ded,0,0,0,0,0,
20200318,MA,156,2115,,,,,,,,,,3/18/2020 16:00,2020-03-18T16:00:00Z,03/18 12:00,2,,2020-03-18T16:00:00Z,,,,,25,38,482,2271,2271,520,2271,2,0,d61c0283c7f198ce748417652922a846e2d128e3,0,0,0,0,0,
20200317,MA,118,1633,,,,,,,,,,3/16/2020 16:00,2020-03-16T16:00:00Z,03/16 12:00,,,2020-03-16T16:00:00Z,,,,,25,21,434,1751,1751,455,1751,0,0,856b00eb9455a88ec8dee07e9a508ee50e645fe3,0,0,0,0,0,
20200316,MA,97,1199,,,,,,,,,,3/16/2020 15:48,2020-03-16T15:48:00Z,03/16 11:48,,,2020-03-16T15:48:00Z,,,,,25,33,615,1296,1296,648,1296,0,0,2799526fc07abe0206b920d8c3b7d64ff84a20f3,0,0,0,0,0,
20200315,MA,64,584,,,,,,,,,,3/14/2020 16:00,2020-03-14T16:00:00Z,03/14 12:00,,,2020-03-14T16:00:00Z,,,,,25,26,584,648,648,610,648,0,0,c9d85c12654cc09e22fe5a0f6676066e84fbcc53,0,0,0,0,0,
20200314,MA,38,,,,,,,,,,,3/14/2020 16:00,2020-03-14T16:00:00Z,03/14 12:00,,,2020-03-14T16:00:00Z,,,,,25,15,0,38,38,15,38,0,0,6a58eca09c070de9d7a1d9d00d1ff4c5fb2563f0,0,0,0,0,0,
20200313,MA,23,,,,,,,,,,,3/13/2020 16:00,2020-03-13T16:00:00Z,03/13 12:00,,,2020-03-13T16:00:00Z,,,,,25,15,0,23,23,15,23,0,0,7c3690bd23c6922419cd8b0004e63e85ded74efc,0,0,0,0,0,
20200312,MA,8,,,,,,,,,,,3/11/2020 00:00,2020-03-11T00:00:00Z,03/10 20:00,,,2020-03-11T00:00:00Z,,,,,25,0,0,8,8,0,8,0,0,8a4a0d599b15c3897e8b7a5cbb91c71979f64f5b,0,0,0,0,0,
