date,state,fips,positive,positiveIncrease,negative,negativeIncrease,pending,total,totalTestResults,totalTestResultsIncrease,posNeg,hospitalizedCurrently,hospitalizedCumulative,inIcuCurrently,inIcuCumulative,onVentilatorCurrently,onVentilatorCumulative,recovered,dataQualityGrade,lastUpdateEt,death,deathIncrease,hospitalized,hospitalizedIncrease,dateChecked,hash
20200511,MA,25,78462,669,316266,5670,,394728,394728,6339,394728,3102,7732,813,,,,,A,5/11/2020 10:00,5108,129,7732,115,2020-05-11T20:00:00Z,f50337bfa69b20c7812edc6ba13d1b46228b1818
20200510,MA,25,77793,1050,310596,10802,,388389,388389,11852,388389,3128,7617,810,,,,,A,5/10/2020 10:00,4979,139,7617,66,2020-05-10T20:00:00Z,4d041764e3ea9ee8307464385a6826791f7f7e55
20200509,MA,25,76743,1410,299794,9104,,376537,376537,10514,376537,3229,7551,814,,,,,A,5/9/2020 12:00,4840,138,7551,117,2020-05-09T20:00:00Z,77081550241d8fced2da21c05dca0cc4eeebc485
20200508,MA,25,75333,1612,290690,12779,,366023,366023,14391,366023,3349,7434,826,,,,,A,5/8/2020 10:00,4702,150,7434,197,2020-05-08T20:00:00Z,21b7e7f11c4957c2df5e906f1b4c7af0c3b8592e
20200507,MA,25,73721,1696,277911,10297,,351632,351632,11993,351632,3436,7237,852,,,,,A,5/7/2020 12:00,4552,132,7237,157,2020-05-07T20:00:00Z,66cf96743103861468a2c980f39e4cfa7c1424b7
20200506,MA,25,72025,1754,267614,4536,,339639,339639,6290,339639,3564,7080,922,,,,,A,5/6/2020 12:00,4420,208,7080,249,2020-05-06T20:00:00Z,e155db29b180dd3631c476f7f2d02dab2085ff4c
20200505,MA,25,70271,1184,263078,7897,,333349,333349,9081,333349,3542,6831,914,,,,,A,5/5/2020 12:00,4212,122,6831,209,2020-05-05T20:00:00Z,a829506ad7c9b86e5ecfc1d27bfd44cd9e8d728a
20200504,MA,25,69087,1000,255181,8622,,324268,324268,9622,324268,3539,6622,908,,,,,A,5/4/2020 12:00,4090,86,6622,115,2020-05-04T20:00:00Z,f1d2929343bd8a6b0bc4516d3e4da4621729d5f7
20200503,MA,25,68087,1824,246559,13828,,314646,314646,15652,314646,3617,6507,904,,,,,A,5/3/2020 16:00,4004,158,6507,129,2020-05-03T20:00:00Z,38ecf150fb29c2bdd4cb1120d124e7c927f4f0da
20200502,MA,25,66263,1952,232731,7406,,298994,298994,9358,298994,3601,6378,921,,,,,A,5/2/2020 12:00,3846,130,6378,209,2020-05-02T20:00:00Z,b934fcfbdd399553688747beabc565bc4ec85855
20200501,MA,25,64311,2106,225325,11883,,289636,289636,13989,289636,3716,6169,947,,,,,A,5/1/2020 12:00,3716,154,6169,227,2020-05-01T20:00:00Z,0b370107fef7f9f0d8207d2d639068b80966ff95
20200430,MA,25,62205,1940,213442,8089,,275647,275647,10029,275647,3803,5942,1001,,,,,A,4/30/2020 16:00,3562,157,5942,184,2020-04-30T20:00:00Z,d2c58da4b62f550d991a4059064422c174612f72
20200429,MA,25,60265,1963,205353,9155,,265618,265618,11118,265618,3856,5758,1011,,,,,A,4/29/2020 16:00,3405,252,5758,243,2020-04-29T20:00:00Z,a0a105c65170e95d022d88860d048e1daedd1935
20200428,MA,25,58302,1840,196198,7773,,254500,254500,9613,254500,3875,5515,1005,,,,,B,4/28/2020 16:00,3153,150,5515,278,2020-04-28T20:00:00Z,38324d673879cee0f2a75081668795a468f838ab
20200427,MA,25,56462,1524,188425,7263,,244887,244887,8787,244887,3892,5237,1089,,,,,B,4/27/2020 16:00,3003,104,5237,133,2020-04-27T20:00:00Z,def36061c0bbf67074c88dc238f2e4679d07bc8c
20200426,MA,25,54938,1590,181162,7665,,236100,236100,9255,236100,3879,5104,1077,,,,,B,4/26/2020 16:00,2899,22,5104,139,2020-04-26T20:00:00Z,4dd925d6b18bc3e73d921b8abad54d9f2c0b7683
20200425,MA,25,53348,2379,173497,9253,,226845,226845,11632,226845,3879,4965,1058,,,,,B,4/25/2020 16:00,2877,,4965,213,2020-04-25T20:00:00Z,31d470246a1b50bd4fead2e44460aae004482f11
20200424,MA,25,50969,2977,164244,7920,,215213,215213,10897,215213,3847,4752,1034,,,,,,4/24/2020 12:00,2877,108,4752,259,2020-04-24T20:00:00Z,69b54fbe2595a0f73eaeb7dd9655c6f018054aa6
20200423,MA,25,47992,3079,156324,11535,,204316,204316,14614,204316,3851,4493,1034,,,,,,4/22/2020 16:00,2769,172,4493,237,2020-04-23T20:00:00Z,1ad6fdf94be750e01db9b2deb5f68159366df556
20200422,MA,25,44913,1745,144789,3345,,189702,189702,5090,189702,3890,4256,1050,,,,,,4/22/2020 16:00,2597,148,4256,247,2020-04-22T20:00:00Z,f403ce6e6670134124c68619ce6bfc2713054dec
20200421,MA,25,43168,1752,141444,5398,,184612,184612,7150,184612,3977,4009,1040,,,,,,4/21/2020 16:00,2449,146,4009,137,2020-04-21T20:00:00Z,3f4f7acf228dfe3ae9aa2761da4c8d95069702f7
20200420,MA,25,41416,1596,136046,6751,,177462,177462,8347,177462,3872,3872,987,,,,,,4/19/2020 16:00,2303,157,3872,83,2020-04-20T20:00:00Z,5c93e37b01c75b5eb1f664f3ff5781057258b24d
20200419,MA,25,39820,2293,129295,4691,,169115,169115,6984,169115,3789,3789,987,,,,,,4/19/2020 16:00,2146,163,3789,61,2020-04-19T20:00:00Z,abae5379cd5851b6c6a199fb329fbe8d85937023
20200418,MA,25,37527,2402,124604,7409,,162131,162131,9811,162131,3728,3728,987,,,,,,4/17/2020 16:00,1983,161,3728,-28,2020-04-18T20:00:00Z,bd84203b25e2ceb1aacb5c562c7012b7f9b085a8
20200417,MA,25,35125,2633,117195,7097,,152320,152320,9730,152320,3756,3756,987,,,,,,4/16/2020 10:00,1822,155,3756,30,2020-04-17T20:00:00Z,d868609aeae9e165cb90cae877664f478b62b07e
20200416,MA,25,32492,2522,110098,7308,,142590,142590,9830,142590,3726,3726,973,,,,,,4/16/2020 10:00,1667,165,3726,89,2020-04-16T20:00:00Z,0668f5acf93190c72675cdf08e75bff16055d41e
20200415,MA,25,29970,1861,102790,3970,,132760,132760,5831,132760,3637,3637,973,,,,,,4/15/2020 10:00,1502,173,3637,21,2020-04-15T20:00:00Z,e6dd7182264a7b0710c9406194949ec470b148a0
20200414,MA,25,28109,1315,98820,3320,,126929,126929,4635,126929,3616,3616,,,,,,,4/14/2020 10:00,1329,118,3616,131,2020-04-14T20:00:00Z,5a351832b31233f2b361178ea13e999bb42e679c
20200413,MA,25,26794,1413,95500,4037,,122294,122294,5450,122294,3485,3485,,,,,,,4/13/2020 10:00,1211,155,3485,971,2020-04-13T20:00:00Z,6582d066077ac84db6e15a6934f1a0765d6d445b
20200412,MA,25,25381,2615,91463,5348,,116844,116844,7963,116844,2514,2514,,,,,,,4/12/2020 16:00,1056,110,2514,7,2020-04-12T20:00:00Z,2b6ffc9f62498432649c9e5edbceb97ea674759e
20200411,MA,25,22766,1888,86115,4551,,108881,108881,6439,108881,2507,2507,,,,,,,4/11/2020 12:30,946,114,2507,72,2020-04-11T20:00:00Z,610a0b610f4bf8ed3cf593248095ddefc868bedd
20200410,MA,25,20878,2035,81564,5418,,102442,102442,7453,102442,2435,2435,,,,,,,4/10/2020 12:30,832,107,2435,133,2020-04-10T20:00:00Z,7fa6b82d0830ad132981813a5f210e1f5a6a51f0
20200409,MA,25,18843,2151,76146,5297,,94989,94989,7448,94989,2302,2302,,,,,,,4/9/2020 12:30,725,110,2302,183,2020-04-09T20:00:00Z,ac7c5974a362761c336b149399909db94d0c7db7
20200408,MA,25,16692,1588,70849,4579,,87541,87541,6167,87541,2119,2119,,,,,,,4/8/2020 12:30,615,100,2119,288,2020-04-08T20:00:00Z,0bfc2bff590467e53c739214b339a793dbefc29f
20200407,MA,25,15104,1365,66270,3550,,81374,81374,4915,81374,1831,1831,,,,,,,4/7/2020 12:30,515,67,1831,164,2020-04-07T20:00:00Z,dfd6a0c59f84c1e603edc6e12f62f8e541a757ca
20200406,MA,25,13739,1337,62720,3155,,76459,76459,4492,76459,1667,1667,,,,,,,4/6/2020 12:30,448,78,1667,35,2020-04-06T20:00:00Z,f3678c86a22208e1572e12e9a98d8140752e3eae
20200405,MA,25,12402,765,59565,2374,,71967,71967,3139,71967,1632,1632,,,,,,,4/5/2020 12:30,370,66,1632,262,2020-04-05T20:00:00Z,99360e99df97991e01a660c6a013b5dc03efd921
20200404,MA,25,11637,1334,57191,4506,,68828,68828,5840,68828,1370,1370,,,,,,,4/4/2020 12:30,304,39,1370,404,2020-04-04T20:00:00Z,5bd324daf5c5c3267e9edcfb15583540562e1404
20200403,MA,25,10303,1436,52685,4918,,62988,62988,6354,62988,,966,,,,,,,4/3/2020 12:30,265,36,966,153,2020-04-03T20:00:00Z,82b23c4c61aca2524ad13936775a92ac2032713e
20200402,MA,25,8867,1228,47767,3642,,56634,56634,4870,56634,,813,,,,,,,4/2/2020 16:00,229,42,813,131,2020-04-02T20:00:00Z,0e3caaa5a8a6fe9d6ed9c7048a8a932cd0cb9c6c
20200401,MA,25,7639,1118,44125,3685,,51764,51764,4803,51764,,682,,,,,,,3/31/2020 12:30,187,34,682,120,2020-04-01T20:00:00Z,d2fbb7fe0922001583c0c31863b74e3134328b09
20200331,MA,25,6521,868,40440,3274,,46961,46961,4142,46961,,562,,,,,,,3/31/2020 12:30,153,29,562,109,2020-03-31T20:00:00Z,76ea2b9b0c195e1288078ad494aa39a60d4351ea
20200330,MA,25,5653,797,37166,2932,,42819,42819,3729,42819,,453,,,,,,,3/30/2020 16:15,124,25,453,54,2020-03-30T20:00:00Z,6f855ebeb50495799d7b73663e8ca97700cc5a23
20200329,MA,25,4856,698,34234,3319,,39090,39090,4017,39090,,399,,,,,,,3/28/2020 12:30,99,27,399,49,2020-03-29T20:00:00Z,2b2e4ea6f9d7b3fdbc1b9b1cec2e700c934f79c4
20200328,MA,25,4158,1007,30915,4671,,35073,35073,5678,35073,,350,,,,,,,3/27/2020 12:30,72,15,350,131,2020-03-28T20:00:00Z,0bb8e7bec1d79adc18f99a7cc0b25898252a51bb
20200327,MA,25,3151,833,26244,4917,,29395,29395,5750,29395,,219,,,,,,,3/27/2020 12:30,57,15,219,,2020-03-27T20:00:00Z,132ca1a2fa3ad9e7df88ab04ac36a342e56cd399
20200326,MA,25,2318,579,21327,3248,,23645,23645,3827,23645,,219,,,,,,,3/26/2020 12:30,42,9,219,116,2020-03-26T20:00:00Z,7bd4773dd64ef8f5e1cf8a71322298da97cb2a09
20200325,MA,25,1739,679,18079,5365,,19818,19818,6044,19818,,103,,,,,,,3/25/2020 16:00,33,7,103,9,2020-03-25T20:00:00Z,e680e76767f218c1ed29949bf0e02c4849e2903f
20200324,MA,25,1060,382,12714,4451,,13774,13774,4833,13774,,94,,,,,,,3/24/2020 12:30,26,9,94,15,2020-03-24T20:00:00Z,5db4ce2b8d0c050477a2114d57bfd466d4a04771
20200323,MA,25,678,131,8263,2787,,8941,8941,2918,8941,,79,,,,,,,3/23/2020 12:30,17,6,79,8,2020-03-23T20:00:00Z,f5443348e3ffe13a4c315b13f076af5776fcc006
20200322,MA,25,547,121,5476,677,,6023,6023,798,6023,,71,,,,,,,3/22/2020 16:00,11,4,71,10,2020-03-22T20:00:00Z,d7e0d658931c3646e31c63b875fe549427113b79
20200321,MA,25,426,112,4799,1004,,5225,5225,1116,5225,,61,,,,,,,3/21/2020 16:00,7,2,61,61,2020-03-21T20:00:00Z,087c2c28ea80c6d3c09bdbce6da3c4c7ccb32844
20200320,MA,25,314,85,3795,877,,4109,4109,962,4109,,,,,,,,,3/20/2020 16:00,5,2,,,2020-03-20T20:00:00Z,894629b0d85963afe159d95c8f3857b361696df1
20200319,MA,25,229,73,2918,803,,3147,3147,876,3147,,,,,,,,,3/19/2020 11:30,3,1,,,2020-03-19T20:00:00Z,3ebf569a714f512851b0ffe80667205021bea320
20200318,MA,25,156,38,2115,482,,2271,2271,520,2271,,,,,,,,,3/18/2020 16:00,2,2,,,2020-03-18T20:00:00Z,cfb7d920dbc7282a04292f14cef1a0134c4d1939
20200317,MA,25,118,21,1633,434,,1751,1751,455,1751,,,,,,,,,3/16/2020 16:00,,,,,2020-03-17T20:00:00Z,46c63076c8eeb0aa502060dd3ddef46ac49e2641
20200316,MA,25,97,33,1199,615,,1296,1296,648,1296,,,,,,,,,3/16/2020 15:48,,,,,2020-03-16T20:00:00Z,bda896845cf8ccd561d3f17f1d3d2ec8372c686b
20200315,MA,25,64,26,584,584,,648,648,610,648,,,,,,,,,3/14/2020 16:00,,,,,2020-03-15T20:00:00Z,6eea41ce481f17818a1926bac68c297e00534b3f
20200314,MA,25,38,15,,,,38,38,15,38,,,,,,,,,3/14/2020 16:00,,,,,2020-03-14T20:00:00Z,8dccc6576eef43196a388a84c3cce87012552409
20200313,MA,25,23,15,,,,23,23,15,23,,,,,,,,,3/13/2020 16:00,,,,,2020-03-13T20:00:00Z,2c16f156db33d8242967d6550a15474d760f2f71
20200312,MA,25,8,,,,,8,8,,8,,,,,,,,,3/11/2020 00:00,,,,,2020-03-12T20:00:00Z,c53d6a06a4f483d8e76c126988b6bc5c65d6cb84
