date,state,positive,negative,pending,hospitalizedCurrently,hospitalizedCumulative,inIcuCurrently,inIcuCumulative,onVentilatorCurrently,onVentilatorCumulative,recovered,dataQualityGrade,lastUpdateEt,dateModified,checkTimeEt,death,hospitalized,dateChecked,totalTestsViral,positiveTestsViral,negativeTestsViral,positiveCasesViral,fips,positiveIncrease,negativeIncrease,total,totalTestResults,totalTestResultsIncrease,posNeg,deathIncrease,hospitalizedIncrease,hash,commercialScore,negativeRegularScore,negativeScore,positiveScore,score,grade
20200625,MT,803,77529,,15,93,,,,,572,#N/A,6/25/2020 00:00,2020-06-25T00:00:00Z,06/24 20:00,21,93,2020-06-25T00:00:00Z,,,,803,30,37,3229,78332,78332,3266,78332,0,0,1a2e914e68e1a273a6e411977a47984a998f219e,0,0,0,0,0,
20200624,MT,766,74300,,17,93,,,,,571,C,6/24/2020 00:00,2020-06-24T00:00:00Z,06/23 20:00,21,93,2020-06-24T00:00:00Z,,,,766,30,23,1120,75066,75066,1143,75066,0,2,cb0a582e0f1809dfc7cce5ee41328e6e20739036,0,0,0,0,0,
20200623,MT,743,73180,,15,91,,,,,566,C,6/23/2020 00:00,2020-06-23T00:00:00Z,06/22 20:00,21,91,2020-06-23T00:00:00Z,,,,743,30,3,2615,73923,73923,2618,73923,0,1,e28fa81a8bb96e5b4e270eedff649affc3333080,0,0,0,0,0,
20200622,MT,740,70565,,15,90,,,,,548,C,6/22/2020 00:00,2020-06-22T00:00:00Z,06/21 20:00,21,90,2020-06-22T00:00:00Z,,,,740,30,23,925,71305,71305,948,71305,1,1,11b4ab7fc7f08b4dd2fc2ac0f9f49f8b24595f99,0,0,0,0,0,
20200621,MT,717,69640,,15,89,,,,,548,C,6/21/2020 00:00,2020-06-21T00:00:00Z,06/20 20:00,20,89,2020-06-21T00:00:00Z,,,,717,30,19,808,70357,70357,827,70357,0,4,98a28e86bb384968ada129890faecf5b359d743c,0,0,0,0,0,
20200620,MT,698,68832,,10,85,,,,,548,C,6/20/2020 13:30,2020-06-20T13:30:00Z,06/20 09:30,20,85,2020-06-20T13:30:00Z,,,,698,30,32,1076,69530,69530,1108,69530,0,3,2a9c5d5cce15df278bfabbad9168a280bac0a3a1,0,0,0,0,0,
20200619,MT,666,67756,,9,82,,,,,546,C,6/19/2020 00:00,2020-06-19T00:00:00Z,06/18 20:00,20,82,2020-06-19T00:00:00Z,,,,666,30,11,1541,68422,68422,1552,68422,0,1,c2a4ead15631656e8f7097598573c22fc7f15266,0,0,0,0,0,
20200618,MT,655,66215,,8,81,,,,,545,C,6/18/2020 00:00,2020-06-18T00:00:00Z,06/17 20:00,20,81,2020-06-18T00:00:00Z,,,,655,30,25,1330,66870,66870,1355,66870,0,3,f226724ea88d7a2691d1e2113bac4324f85a864b,0,0,0,0,0,
20200617,MT,630,64885,,5,78,,,,,538,C,6/17/2020 00:00,2020-06-17T00:00:00Z,06/16 20:00,20,78,2020-06-17T00:00:00Z,,,,630,30,16,1922,65515,65515,1938,65515,1,-1,f1d171184f4b40ffb45ebd591d3ae3b74390e1cc,0,0,0,0,0,
20200616,MT,614,62963,,8,79,,,,,535,C,6/16/2020 00:00,2020-06-16T00:00:00Z,06/15 20:00,19,79,2020-06-16T00:00:00Z,,,,614,30,5,2635,63577,63577,2640,63577,0,1,efe7795884bfd601558789a6a903dc3eff0aed5f,0,0,0,0,0,
20200615,MT,609,60328,,7,78,,,,,510,C,6/15/2020 00:00,2020-06-15T00:00:00Z,06/14 20:00,19,78,2020-06-15T00:00:00Z,,,,609,30,8,2022,60937,60937,2030,60937,0,1,10fcb0b5452eb4eff17a4756dc02a6eae37faaf8,0,0,0,0,0,
20200614,MT,601,58306,,6,77,,,,,510,C,6/14/2020 00:00,2020-06-14T00:00:00Z,06/13 20:00,19,77,2020-06-14T00:00:00Z,,,,601,30,13,890,58907,58907,903,58907,1,0,0104ac3e67c43f4966e81ae9eb6fe0c3f2b42883,0,0,0,0,0,
20200613,MT,588,57416,,7,77,,,,,510,C,6/13/2020 00:00,2020-06-13T00:00:00Z,06/12 20:00,18,77,2020-06-13T00:00:00Z,,,,588,30,15,967,58004,58004,982,58004,0,0,b3ee4965a89069691e267c6237711649ef4a3fe6,0,0,0,0,0,
20200612,MT,573,56449,,7,77,,,,,489,C,6/12/2020 00:00,2020-06-12T00:00:00Z,06/11 20:00,18,77,2020-06-12T00:00:00Z,,,,573,30,10,1235,57022,57022,1245,57022,0,3,e929b73b8ba41bdb4038be53ade42914f0b1fbc6,0,0,0,0,0,
20200611,MT,563,55214,,7,74,,,,,487,C,6/11/2020 11:53,2020-06-11T11:53:00Z,06/11 07:53,18,74,2020-06-11T11:53:00Z,,,,563,30,2,1159,55777,55777,1161,55777,0,0,fe44705c3876deb4592712169a37811dde83b2f4,0,0,0,0,0,
20200610,MT,561,54055,,7,74,,,,,487,C,6/10/2020 00:00,2020-06-10T00:00:00Z,06/09 20:00,18,74,2020-06-10T00:00:00Z,,,,561,30,7,1425,54616,54616,1432,54616,0,2,b29c129092c6637abf379d0d456b6ba763091d62,0,0,0,0,0,
20200609,MT,554,52630,,5,72,,,,,485,C,6/9/2020 00:00,2020-06-09T00:00:00Z,06/08 20:00,18,72,2020-06-09T00:00:00Z,,,,554,30,6,1586,53184,53184,1592,53184,0,3,929bcfa7fff7ab598efc4207792165f4fd24747f,0,0,0,0,0,
20200608,MT,548,51044,,2,69,,,,,475,C,6/8/2020 00:00,2020-06-08T00:00:00Z,06/07 20:00,18,69,2020-06-08T00:00:00Z,,,,548,30,3,4211,51592,51592,4214,51592,0,0,07d759e44e56f8b140d075fe12ce6b58a26e168c,0,0,0,0,0,
20200607,MT,545,46833,,2,69,,,,,475,C,6/7/2020 00:00,2020-06-07T00:00:00Z,06/06 20:00,18,69,2020-06-07T00:00:00Z,,,,545,30,5,619,47378,47378,624,47378,0,1,293d611852e5b2a89e7696b96326ffac35ff37c8,0,0,0,0,0,
20200606,MT,540,46214,,1,68,,,,,472,C,6/6/2020 00:00,2020-06-06T00:00:00Z,06/05 20:00,18,68,2020-06-06T00:00:00Z,,,,540,30,-1,867,46754,46754,866,46754,0,0,b9a70ee6c18317686b365593ae6060c6570c00d2,0,0,0,0,0,
20200605,MT,541,45347,,1,68,,,,,470,C,6/5/2020 00:00,2020-06-05T00:00:00Z,06/04 20:00,18,68,2020-06-05T00:00:00Z,,,,541,30,2,1244,45888,45888,1246,45888,1,0,65984c8bb9f530fffae4945be17002c1f4cca540,0,0,0,0,0,
20200604,MT,539,44103,,1,68,,,,,467,C,6/4/2020 00:00,2020-06-04T00:00:00Z,06/03 20:00,17,68,2020-06-04T00:00:00Z,,,,539,30,14,1180,44642,44642,1194,44642,0,0,ea3cb5a09ae1e8b64ececda491e2190b84ff2109,0,0,0,0,0,
20200603,MT,525,42923,,1,68,,,,,464,C,6/3/2020 00:00,2020-06-03T00:00:00Z,06/02 20:00,17,68,2020-06-03T00:00:00Z,,,,525,30,2,1234,43448,43448,1236,43448,0,1,196404ec128b0ad1b7b706376772ab5090d63b89,0,0,0,0,0,
20200602,MT,523,41689,,1,67,,,,,462,C,6/2/2020 00:00,2020-06-02T00:00:00Z,06/01 20:00,17,67,2020-06-02T00:00:00Z,,,,523,30,4,1551,42212,42212,1555,42212,0,0,2ff1f1397f165335c49df2ffef81c0c50563ca19,0,0,0,0,0,
20200601,MT,519,40138,,2,67,,,,,461,C,6/1/2020 00:00,2020-06-01T00:00:00Z,05/31 20:00,17,67,2020-06-01T00:00:00Z,,,,519,30,4,855,40657,40657,859,40657,0,0,0b1ce6bf307166ce8ad2feec1d8f5405ef1d0273,0,0,0,0,0,
20200531,MT,515,39283,,2,67,,,,,456,C,5/31/2020 00:00,2020-05-31T00:00:00Z,05/30 20:00,17,67,2020-05-31T00:00:00Z,,,,515,30,10,504,39798,39798,514,39798,0,0,785bc1ae1649d82d62435ebd05a62b4bc150aa66,0,0,0,0,0,
20200530,MT,505,38779,,2,67,,,,,448,C,5/30/2020 00:00,2020-05-30T00:00:00Z,05/29 20:00,17,67,2020-05-30T00:00:00Z,,,,493,30,12,743,39284,39284,755,39284,0,0,57c1d75d77491dfc9c337ab425835abc2b787cd6,0,0,0,0,0,
20200529,MT,493,38036,,2,67,,,,,448,C,5/29/2020 00:00,2020-05-29T00:00:00Z,05/28 20:00,17,67,2020-05-29T00:00:00Z,,,,493,30,8,1728,38529,38529,1736,38529,0,1,8a10317f81074202df87a2fea2bc51ad977ba278,0,0,0,0,0,
20200528,MT,485,36308,,1,66,,,,,445,C,5/28/2020 00:00,2020-05-28T00:00:00Z,05/27 20:00,17,66,2020-05-28T00:00:00Z,,,,485,30,4,1146,36793,36793,1150,36793,0,0,ab38996fc9c4e04d4d59e886b4e68310e729c4e0,0,0,0,0,0,
20200527,MT,481,35162,,2,66,,,,,444,C,5/27/2020 00:00,2020-05-27T00:00:00Z,05/26 20:00,17,66,2020-05-27T00:00:00Z,,,,481,30,2,1807,35643,35643,1809,35643,0,1,712e5b18285230b34ea4061d3584498cd333c250,0,0,0,0,0,
20200526,MT,479,33355,,2,65,,,,,441,C,5/26/2020 00:00,2020-05-26T00:00:00Z,05/25 20:00,17,65,2020-05-26T00:00:00Z,,,,479,30,0,152,33834,33834,152,33834,1,0,68cfb0d234b3c5934d756d6ffc9dbf69610d762c,0,0,0,0,0,
20200525,MT,479,33203,,3,65,,,,,441,C,5/25/2020 00:00,2020-05-25T00:00:00Z,05/24 20:00,16,65,2020-05-25T00:00:00Z,,,,479,30,0,301,33682,33682,301,33682,0,0,3b01203239fc45c9083880e76bcfc7336cd25b97,0,0,0,0,0,
20200524,MT,479,32902,,3,65,,,,,441,C,5/24/2020 11:58,2020-05-24T11:58:00Z,05/24 07:58,16,65,2020-05-24T11:58:00Z,,,,479,30,0,729,33381,33381,729,33381,0,0,9b957269d22acf578805728312f653e0a4e7a1cf,0,0,0,0,0,
20200523,MT,479,32173,,3,65,,,,,441,C,5/23/2020 00:00,2020-05-23T00:00:00Z,05/22 20:00,16,65,2020-05-23T00:00:00Z,,,,479,30,0,795,32652,32652,795,32652,0,0,c34d069cbb83632843981cb90dc1564adf7a5bcf,0,0,0,0,0,
20200522,MT,479,31378,,3,65,,,,,441,C,5/22/2020 12:05,2020-05-22T12:05:00Z,05/22 08:05,16,65,2020-05-22T12:05:00Z,,,,479,30,0,1333,31857,31857,1333,31857,0,0,2513a56aaf14b5ccd943a24c67604a770040e826,0,0,0,0,0,
20200521,MT,479,30045,,3,65,,,,,440,C,5/21/2020 00:00,2020-05-21T00:00:00Z,05/20 20:00,16,65,2020-05-21T00:00:00Z,,,,479,30,1,797,30524,30524,798,30524,0,0,39d3791cd7411e3377a0f1720483a7180f810374,0,0,0,0,0,
20200520,MT,478,29248,,3,65,,,,,440,C,5/20/2020 00:00,2020-05-20T00:00:00Z,05/19 20:00,16,65,2020-05-20T00:00:00Z,,,,478,30,7,769,29726,29726,776,29726,0,0,0b630a138715434b80b722bd7e6f8746e6164e84,0,0,0,0,0,
20200519,MT,471,28479,,5,65,,,,,437,B,5/19/2020 00:00,2020-05-19T00:00:00Z,05/18 20:00,16,65,2020-05-19T00:00:00Z,,,,471,30,1,782,28950,28950,783,28950,0,1,3f138967abf059aec14538f0e2092aa16beb8716,0,0,0,0,0,
20200518,MT,470,27697,,4,64,,,,,434,B,5/18/2020 00:00,2020-05-18T00:00:00Z,05/17 20:00,16,64,2020-05-18T00:00:00Z,,,,470,30,2,1280,28167,28167,1282,28167,0,1,dfa46e5d03e837924c7fb49b3a1dd6631fc3cd39,0,0,0,0,0,
20200517,MT,468,26417,,3,63,,,,,431,B,5/17/2020 00:00,2020-05-17T00:00:00Z,05/16 20:00,16,63,2020-05-17T00:00:00Z,,,,468,30,0,794,26885,26885,794,26885,0,0,88716e0cf95c81adee4735c503697d8a0dfcf3ad,0,0,0,0,0,
20200516,MT,468,25623,,3,63,,,,,431,B,5/16/2020 00:00,2020-05-16T00:00:00Z,05/15 20:00,16,63,2020-05-16T00:00:00Z,,,,468,30,2,671,26091,26091,673,26091,0,0,9c14eb9987d99c5b328e6ce4b7a80529aa87ce3f,0,0,0,0,0,
20200515,MT,466,24952,,3,63,,,,,431,B,5/15/2020 00:00,2020-05-15T00:00:00Z,05/14 20:00,16,63,2020-05-15T00:00:00Z,,,,466,30,4,865,25418,25418,869,25418,0,0,133fff4606847086c1a1e6a2ec65e2fd06b5ce35,0,0,0,0,0,
20200514,MT,462,24087,,3,63,,,,,431,B,5/14/2020 00:00,2020-05-14T00:00:00Z,05/13 20:00,16,63,2020-05-14T00:00:00Z,,,,462,30,0,697,24549,24549,697,24549,0,0,0eaff98e5a06b0f97030eb88615a8240717ae4a8,0,0,0,0,0,
20200513,MT,462,23390,,3,63,,,,,430,B,5/13/2020 00:00,2020-05-13T00:00:00Z,05/12 20:00,16,63,2020-05-13T00:00:00Z,,,,462,30,1,816,23852,23852,817,23852,0,0,c2879e896fec4697b5bc82b18972fddb2e361271,0,0,0,0,0,
20200512,MT,461,22574,,4,63,,,,,425,B,5/12/2020 00:00,2020-05-12T00:00:00Z,05/11 20:00,16,63,2020-05-12T00:00:00Z,,,,461,30,2,461,23035,23035,463,23035,0,1,bac4f9a657abce952727b6bf8d8c024c8b78c90e,0,0,0,0,0,
20200511,MT,459,22113,,4,62,,,,,423,C,5/10/2020 00:00,2020-05-10T00:00:00Z,05/09 20:00,16,62,2020-05-10T00:00:00Z,,,,459,30,1,867,22572,22572,868,22572,0,0,463a5f9f02cc636a5305ed7397142fa13cc0e876,0,0,0,0,0,
20200510,MT,458,21246,,4,62,,,,,422,C,5/9/2020 00:00,2020-05-09T00:00:00Z,05/08 20:00,16,62,2020-05-09T00:00:00Z,,,,458,30,0,375,21704,21704,375,21704,0,0,94a672807095ea31a032d16c59a09fece2d1d80b,0,0,0,0,0,
20200509,MT,458,20871,,4,62,,,,,422,C,5/9/2020 00:00,2020-05-09T00:00:00Z,05/08 20:00,16,62,2020-05-09T00:00:00Z,,,,458,30,0,384,21329,21329,384,21329,0,0,9529741b0b2afdd7a4a4e54b1339eb1e6f42004c,0,0,0,0,0,
20200508,MT,458,20487,,6,62,,,,,420,C,5/8/2020 00:00,2020-05-08T00:00:00Z,05/07 20:00,16,62,2020-05-08T00:00:00Z,,,,458,30,2,696,20945,20945,698,20945,0,0,4cc5f5af306e8c8ce4cb083d63e49ec70f5728cf,0,0,0,0,0,
20200507,MT,456,19791,,6,62,,,,,417,C,5/7/2020 00:00,2020-05-07T00:00:00Z,05/06 20:00,16,62,2020-05-07T00:00:00Z,,,,456,30,0,543,20247,20247,543,20247,0,0,1e640074882b86fedcc28ea77fed9f588c675500,0,0,0,0,0,
20200506,MT,456,19248,,6,62,,,,,417,C,5/6/2020 00:00,2020-05-06T00:00:00Z,05/05 20:00,16,62,2020-05-06T00:00:00Z,,,,456,30,0,4432,19704,19704,4432,19704,0,0,537bbc6fe9d74881c10ff22a6f20946836ad247f,0,0,0,0,0,
20200505,MT,456,14816,,6,62,,,,,410,C,5/5/2020 00:00,2020-05-05T00:00:00Z,05/04 20:00,16,62,2020-05-05T00:00:00Z,,,,456,30,-1,185,15272,15272,184,15272,0,0,75999ff51c7bd9bb5fffbd29112e786f46566274,0,0,0,0,0,
20200504,MT,457,14631,,6,62,,,,,404,C,5/4/2020 00:00,2020-05-04T00:00:00Z,05/03 20:00,16,62,2020-05-04T00:00:00Z,,,,457,30,2,79,15088,15088,81,15088,0,1,0f692f43cfce78628cb7dd136c3b76a7133156fe,0,0,0,0,0,
20200503,MT,455,14552,,5,61,,,,,404,C,5/3/2020 00:00,2020-05-03T00:00:00Z,05/02 20:00,16,61,2020-05-03T00:00:00Z,,,,455,30,0,372,15007,15007,372,15007,0,0,1c48f81b931056e16abc1270a5cd7373447a5943,0,0,0,0,0,
20200502,MT,455,14180,,5,61,,,,,404,C,5/2/2020 00:00,2020-05-02T00:00:00Z,05/01 20:00,16,61,2020-05-02T00:00:00Z,,,,455,30,2,430,14635,14635,432,14635,0,0,fe3da9b31b64fa866f5e10e23f18860140a0c262,0,0,0,0,0,
20200501,MT,453,13750,,5,61,,,,,397,C,4/30/2020 00:00,2020-04-30T00:00:00Z,04/29 20:00,16,61,2020-04-30T00:00:00Z,,,,453,30,0,289,14203,14203,289,14203,0,0,60fee154398572b06a6b812b88292bf37815ea4e,0,0,0,0,0,
20200430,MT,453,13461,,5,61,,,,,392,C,4/30/2020 00:00,2020-04-30T00:00:00Z,04/29 20:00,16,61,2020-04-30T00:00:00Z,,,,453,30,2,384,13914,13914,386,13914,0,0,b0277567ff8c3d00337a96aa04bb7f27193e4052,0,0,0,0,0,
20200429,MT,451,13077,,5,61,,,,,382,C,4/29/2020 00:00,2020-04-29T00:00:00Z,04/28 20:00,16,61,2020-04-29T00:00:00Z,,,,,30,0,337,13528,13528,337,13528,1,0,73062d65ba624d1842f5a86f129203930f08b41b,0,0,0,0,0,
20200428,MT,451,12740,,10,61,,,,,356,C,4/28/2020 00:00,2020-04-28T00:00:00Z,04/27 20:00,15,61,2020-04-28T00:00:00Z,,,,,30,2,156,13191,13191,158,13191,1,0,2edadd52ff8a38c1537c9b0022b5fa8cf02bc000,0,0,0,0,0,
20200427,MT,449,12584,,11,61,,,,,352,C,4/27/2020 00:00,2020-04-27T00:00:00Z,04/26 20:00,14,61,2020-04-27T00:00:00Z,,,,,30,1,170,13033,13033,171,13033,0,0,60d710d52bd2425d8ba6a742bb6e90ff5ae698fe,0,0,0,0,0,
20200426,MT,448,12414,,11,61,,,,,339,C,4/26/2020 00:00,2020-04-26T00:00:00Z,04/25 20:00,14,61,2020-04-26T00:00:00Z,,,,,30,3,362,12862,12862,365,12862,0,0,0295808b481a51ca24bdfc3e24e332258e7f9aa1,0,0,0,0,0,
20200425,MT,445,12052,,11,61,,,,,339,C,4/25/2020 00:00,2020-04-25T00:00:00Z,04/24 20:00,14,61,2020-04-25T00:00:00Z,,,,,30,1,369,12497,12497,370,12497,0,2,c3424ebb366fcba9757084a89ab6f44bd4fc6d91,0,0,0,0,0,
20200424,MT,444,11683,,12,59,,,,,325,A,4/24/2020 00:00,2020-04-24T00:00:00Z,04/23 20:00,14,59,2020-04-24T00:00:00Z,,,,,30,2,250,12127,12127,252,12127,0,0,b91b773484e1e849d556ae5a6a11579ac43ac46e,0,0,0,0,0,
20200423,MT,442,11433,,13,59,,,,,306,A,4/23/2020 00:00,2020-04-23T00:00:00Z,04/22 20:00,14,59,2020-04-23T00:00:00Z,,,,,30,3,289,11875,11875,292,11875,0,0,239cc49332dcfb6cd3f212777ad67241f8ed917c,0,0,0,0,0,
20200422,MT,439,11144,,13,59,,,,,296,A,4/22/2020 00:00,2020-04-22T00:00:00Z,04/21 20:00,14,59,2020-04-22T00:00:00Z,,,,,30,2,340,11583,11583,342,11583,2,0,528ce27d38c6538b1820ee48346cdb913b2bd903,0,0,0,0,0,
20200421,MT,437,10804,,14,59,,,,,273,A,4/21/2020 11:56,2020-04-21T11:56:00Z,04/21 07:56,12,59,2020-04-21T11:56:00Z,,,,,30,4,186,11241,11241,190,11241,2,2,5289396dbb7b4abde36fbff3c2e4ec75ca65cf84,0,0,0,0,0,
20200420,MT,433,10618,,19,57,,,,,243,A,4/20/2020 11:00,2020-04-20T11:00:00Z,04/20 07:00,10,57,2020-04-20T11:00:00Z,,,,,30,0,153,11051,11051,153,11051,0,2,d81a8125adb4fa06638b3933f2bc10d90f80016b,0,0,0,0,0,
20200419,MT,433,10465,,18,55,,,,,243,A,4/19/2020 11:40,2020-04-19T11:40:00Z,04/19 07:40,10,55,2020-04-19T11:40:00Z,,,,,30,7,322,10898,10898,329,10898,0,0,b2243f1d7200fd83e139d8808b54d15e3fe65b46,0,0,0,0,0,
20200418,MT,426,10143,,17,55,,,,,234,A,4/18/2020 10:18,2020-04-18T10:18:00Z,04/18 06:18,10,55,2020-04-18T10:18:00Z,,,,,30,4,321,10569,10569,325,10569,2,1,2432c5bb496866e015296219343f2101aa5cdd3b,0,0,0,0,0,
20200417,MT,422,9822,,21,54,,,,,233,A,4/17/2020 10:44,2020-04-17T10:44:00Z,04/17 06:44,8,54,2020-04-17T10:44:00Z,,,,,30,7,301,10244,10244,308,10244,1,2,ac8a6fe02d38c47db4752d9c4f47ff54c49e9063,0,0,0,0,0,
20200416,MT,415,9521,,21,52,,,,,218,A,4/16/2020 11:44,2020-04-16T11:44:00Z,04/16 07:44,7,52,2020-04-16T11:44:00Z,,,,,30,11,342,9936,9936,353,9936,0,1,1c8379d3ddd9e36e340e698da5085dbb185efe9a,0,0,0,0,0,
20200415,MT,404,9179,,21,51,,,,,209,A,4/15/2020 11:59,2020-04-15T11:59:00Z,04/15 07:59,7,51,2020-04-15T11:59:00Z,,,,,30,5,344,9583,9583,349,9583,0,1,8a1bd14af51e1ec93d06ba3c1b24906ac2b43203,0,0,0,0,0,
20200414,MT,399,8835,,24,50,,,,,197,A,4/14/2020 11:56,2020-04-14T11:56:00Z,04/14 07:56,7,50,2020-04-14T11:56:00Z,,,,,30,5,131,9234,9234,136,9234,0,3,f4ab53f68f55407b2f6a4c5cae6ba89e98342c9d,0,0,0,0,0,
20200413,MT,394,8704,,21,47,,,,,171,A,4/13/2020 13:11,2020-04-13T13:11:00Z,04/13 09:11,7,47,2020-04-13T13:11:00Z,,,,,30,7,178,9098,9098,185,9098,1,0,559f808c6bfc64e456edb89ea43a7a5f7d0e1f8e,0,0,0,0,0,
20200412,MT,387,8526,,22,47,,,,,169,A,4/12/2020 10:21,2020-04-12T10:21:00Z,04/12 06:21,6,47,2020-04-12T10:21:00Z,,,,,30,10,322,8913,8913,332,8913,0,1,0657047d4e95e80b5b2bd102165a2989a6948070,0,0,0,0,0,
20200411,MT,377,8204,,21,46,,,,,169,A,4/10/2020 00:00,2020-04-10T00:00:00Z,04/09 20:00,6,46,2020-04-10T00:00:00Z,,,,,30,12,272,8581,8581,284,8581,0,5,aa149732f21d0cd7d6ac2acceebe0304ac60b22f,0,0,0,0,0,
20200410,MT,365,7932,,29,41,,,,,165,A,4/10/2020 11:25,2020-04-10T11:25:00Z,04/10 07:25,6,41,2020-04-10T11:25:00Z,,,,,30,11,426,8297,8297,437,8297,0,5,979ba5cffc76a94ea78d2cf4f7f86aacbc77c0fe,0,0,0,0,0,
20200409,MT,354,7506,,13,36,,,,,157,A,4/9/2020 13:33,2020-04-09T13:33:00Z,04/09 09:33,6,36,2020-04-09T13:33:00Z,,,,,30,22,440,7860,7860,462,7860,0,5,2e866ce5142aef341edb490296f62c2b3e028c73,0,0,0,0,0,
20200408,MT,332,7066,,,31,,,,,135,A,4/8/2020 13:45,2020-04-08T13:45:00Z,04/08 09:45,6,31,2020-04-08T13:45:00Z,,,,,30,13,400,7398,7398,413,7398,0,3,0fc376a4b9bd2d32085847709ff17b0b2baaf616,0,0,0,0,0,
20200407,MT,319,6666,,,28,,,,,,A,4/7/2020 13:28,2020-04-07T13:28:00Z,04/07 09:28,6,28,2020-04-07T13:28:00Z,,,,,30,20,175,6985,6985,195,6985,0,4,a832ee91fa6a5998cfa4958fdd09ab270592603f,0,0,0,0,0,
20200406,MT,299,6491,,,24,,,,,,A,4/6/2020 10:00,2020-04-06T10:00:00Z,04/06 06:00,6,24,2020-04-06T10:00:00Z,,,,,30,13,174,6790,6790,187,6790,0,0,10ef004802658b9a19841bfc3b1e6c839224cc1b,0,0,0,0,0,
20200405,MT,286,6317,,,24,,,,,,A,4/5/2020 10:00,2020-04-05T10:00:00Z,04/05 06:00,6,24,2020-04-05T10:00:00Z,,,,,30,21,405,6603,6603,426,6603,1,0,9b03e361ceccd2b7e4298d8204d069db75739e99,0,0,0,0,0,
20200404,MT,265,5912,,,24,,,,,,A,4/4/2020 10:00,2020-04-04T10:00:00Z,04/04 06:00,5,24,2020-04-04T10:00:00Z,,,,,30,22,579,6177,6177,601,6177,0,0,267c6fe7ba7ddfc62b9d8d2ff237e22911a52170,0,0,0,0,0,
20200403,MT,243,5333,,,24,,,,,,A,4/3/2020 10:00,2020-04-03T10:00:00Z,04/03 06:00,5,24,2020-04-03T10:00:00Z,,,,,30,16,240,5576,5576,256,5576,0,4,dde6c05845b8b3073abeebf7e9759315a928dfd6,0,0,0,0,0,
20200402,MT,227,5093,,,20,,,,,,A,4/2/2020 10:00,2020-04-02T10:00:00Z,04/02 06:00,5,20,2020-04-02T10:00:00Z,,,,,30,19,383,5320,5320,402,5320,0,3,8c1d83fa0018344974b1da4fdfa5d545995dba2a,0,0,0,0,0,
20200401,MT,208,4710,,,17,,,,,,A,4/1/2020 10:00,2020-04-01T10:00:00Z,04/01 06:00,5,17,2020-04-01T10:00:00Z,,,,,30,24,476,4918,4918,500,4918,1,3,ebfcb6e3cb208190b2b5925811a322c840550294,0,0,0,0,0,
20200331,MT,184,4234,,,14,,,,,,A,3/31/2020 10:00,2020-03-31T10:00:00Z,03/31 06:00,4,14,2020-03-31T10:00:00Z,,,,,30,13,91,4418,4418,104,4418,0,4,8c38e8a301a86c25e70f832c2e781b9580fb56eb,0,0,0,0,0,
20200330,MT,171,4143,,,10,,,,,,A,3/30/2020 10:00,2020-03-30T10:00:00Z,03/30 06:00,4,10,2020-03-30T10:00:00Z,,,,,30,17,0,4314,4314,17,4314,3,2,c9bb36b350a0ff8bcb299aa5bd467a389d129319,0,0,0,0,0,
20200329,MT,154,4143,,,8,,,,,,A,3/29/2020 10:00,2020-03-29T10:00:00Z,03/29 06:00,1,8,2020-03-29T10:00:00Z,,,,,30,25,887,4297,4297,912,4297,0,1,9464bc1795e398cf8e975d2a3b4a5daba686b9c9,0,0,0,0,0,
20200328,MT,129,3256,,,7,,,,,,A,3/28/2020 12:30,2020-03-28T12:30:00Z,03/28 08:30,1,7,2020-03-28T12:30:00Z,,,,,30,21,666,3385,3385,687,3385,1,0,4a0ecdd403e3dd6e6c650a835f3b2f1bb1e67e42,0,0,0,0,0,
20200327,MT,108,2590,,,7,,,,,,A,3/27/2020 10:00,2020-03-27T10:00:00Z,03/27 06:00,,7,2020-03-27T10:00:00Z,,,,,30,37,462,2698,2698,499,2698,0,6,d311b24bae8479539bcf888c3c235fba45a47acc,0,0,0,0,0,
20200326,MT,71,2128,,,1,,,,,,C,3/26/2020 10:00,2020-03-26T10:00:00Z,03/26 06:00,,1,2020-03-26T10:00:00Z,,,,,30,18,180,2199,2199,198,2199,0,1,8c7578c2b2636c5d8ebf8804fe1710135eab9e4e,0,0,0,0,0,
20200325,MT,53,1948,,,,,,,,,C,3/25/2020 10:00,2020-03-25T10:00:00Z,03/25 06:00,,,2020-03-25T10:00:00Z,,,,,30,7,305,2001,2001,312,2001,0,0,f3b078aeb7357a6a6010d5f0641a93c157b73f19,0,0,0,0,0,
20200324,MT,46,1643,,,,,,,,,C,3/24/2020 10:00,2020-03-24T10:00:00Z,03/24 06:00,,,2020-03-24T10:00:00Z,,,,,30,12,497,1689,1689,509,1689,0,0,c1da72aeba0ab07c53f5069ca55a91de17b597c3,0,0,0,0,0,
20200323,MT,34,1146,,,,,,,,,C,3/23/2020 10:00,2020-03-23T10:00:00Z,03/23 06:00,,,2020-03-23T10:00:00Z,,,,,30,3,0,1180,1180,3,1180,0,0,ce2afb4c98af9ef817fbdf06fac00a04f334e9fd,0,0,0,0,0,
20200322,MT,31,1146,,,,,,,,,,3/22/2020 00:00,2020-03-22T00:00:00Z,03/21 20:00,,,2020-03-22T00:00:00Z,,,,,30,11,0,1177,1177,11,1177,0,0,a104a3af8641f9f431812abf1598d382a51bf06f,0,0,0,0,0,
20200321,MT,20,1146,,,,,,,,,,3/20/2020 21:24,2020-03-20T21:24:00Z,03/20 17:24,,,2020-03-20T21:24:00Z,,,,,30,4,215,1166,1166,219,1166,0,0,97c280e1d6fd4651670f094c597cb24d1ff5962a,0,0,0,0,0,
20200320,MT,16,931,,,,,,,,,,3/19/2020 22:11,2020-03-19T22:11:00Z,03/19 18:11,,,2020-03-19T22:11:00Z,,,,,30,4,170,947,947,174,947,0,0,5cd4aecb1ba18f0a5e2b4c4337f99d407c65b5ca,0,0,0,0,0,
20200319,MT,12,761,,,,,,,,,,3/18/2020 23:23,2020-03-18T23:23:00Z,03/18 19:23,,,2020-03-18T23:23:00Z,,,,,30,2,262,773,773,264,773,0,0,8576d2cca35517f5ec538a160ab255969754f334,0,0,0,0,0,
20200318,MT,10,499,,,,,,,,,,3/18/2020 10:15,2020-03-18T10:15:00Z,03/18 06:15,,,2020-03-18T10:15:00Z,,,,,30,2,196,509,509,198,509,0,0,5158cf38df705efbc8c51aa14f1d370809e8d3ae,0,0,0,0,0,
20200317,MT,8,303,,,,,,,,,,3/16/2020 21:22,2020-03-16T21:22:00Z,03/16 17:22,,,2020-03-16T21:22:00Z,,,,,30,1,105,311,311,106,311,0,0,79698a5c721b9e295f1f38efe3e58d8fb059cf8a,0,0,0,0,0,
20200316,MT,7,198,,,,,,,,,,3/16/2020 15:51,2020-03-16T15:51:00Z,03/16 11:51,,,2020-03-16T15:51:00Z,,,,,30,0,95,205,205,95,205,0,0,ac2eb83cbe85de8763fa6db2b41a165599af9690,0,0,0,0,0,
20200315,MT,7,103,57,,,,,,,,,3/14/2020 17:52,2020-03-14T17:52:00Z,03/14 13:52,,,2020-03-14T17:52:00Z,,,,,30,2,0,167,110,2,110,0,0,4de1cb274a9baa788d997432127dd011321ddb11,0,0,0,0,0,
20200314,MT,5,103,,,,,,,,,,3/13/2020 19:00,2020-03-13T19:00:00Z,03/13 15:00,,,2020-03-13T19:00:00Z,,,,,30,4,48,108,108,52,108,0,0,d1c3a48bb3c5d5ad4ab597cf11594ab0e745b9fb,0,0,0,0,0,
20200313,MT,1,55,,,,,,,,,,3/12/2020 19:00,2020-03-12T19:00:00Z,03/12 15:00,,,2020-03-12T19:00:00Z,,,,,30,0,21,56,56,21,56,0,0,38a5b70ca7ac2fda0c704a991ae4697aaa57c695,0,0,0,0,0,
20200312,MT,1,34,,,,,,,,,,3/11/2020 19:00,2020-03-11T19:00:00Z,03/11 15:00,,,2020-03-11T19:00:00Z,,,,,30,1,13,35,35,14,35,0,0,857c6b8d55ce3ddf68ca585c905b74593b5316cb,0,0,0,0,0,
20200311,MT,0,21,,,,,,,,,,,,,,,,,,,,30,0,6,21,21,6,21,0,0,c8ba1bcb2fc2da0fab8fe87c0a84cd04c9acbd15,0,0,0,0,0,
20200310,MT,0,15,,,,,,,,,,,,,,,,,,,,30,0,4,15,15,4,15,0,0,e27a778ca069532d9ce2c4055e7822d05e00d05b,0,0,0,0,0,
20200309,MT,0,11,,,,,,,,,,,,,,,,,,,,30,0,0,11,11,0,11,0,0,4db084095872174737491591af00c71e04ee4754,0,0,0,0,0,
20200308,MT,0,11,,,,,,,,,,,,,,,,,,,,30,0,0,11,11,0,11,0,0,d9a05e7a77ec60b54ff47be28889f07060fc509f,0,0,0,0,0,
20200307,MT,0,11,,,,,,,,,,,,,,,,,,,,30,0,0,11,11,0,11,0,0,d83badaf286cc853bfdbd214850810e955785d0a,0,0,0,0,0,
